2020-04-11 11:55:33 [INFO] TemperatureServer is starting...
2020-04-11 11:55:33 [INFO] Server is waiting for a connection... 
2020-04-11 11:55:36 [SUCCESS] Client connected
2020-04-11 11:55:36 [INFO] Received Telegram ->
2020-04-11 11:55:36 [INFO] 1 147 18 60 226 1 2 0 0 0 0 0 0 0 0 0 0 0 0 0 0 0 0 
2020-04-11 11:55:36 [INFO] Received Telegram ->
2020-04-11 11:55:36 [INFO] 1 148 18 60 226 1 3 0 0 0 0 0 0 0 0 0 0 0 0 0 0 0 0 
2020-04-11 11:55:36 [INFO] Received Telegram ->
2020-04-11 11:55:36 [INFO] 1 149 18 60 226 1 4 0 0 0 0 0 0 0 0 0 0 0 0 0 0 0 0 
2020-04-11 11:55:36 [INFO] Received Telegram ->
2020-04-11 11:55:36 [INFO] 1 150 18 60 226 1 5 0 0 0 0 0 0 0 0 0 0 0 0 0 0 0 0 
2020-04-11 11:55:36 [INFO] Received Telegram ->
2020-04-11 11:55:36 [INFO] 1 151 18 60 226 1 6 0 0 0 0 0 0 0 0 0 0 0 0 0 0 0 0 
2020-04-11 11:55:36 [INFO] Received Telegram ->
2020-04-11 11:55:36 [INFO] 1 152 18 60 226 1 7 0 0 0 0 0 0 0 0 0 0 0 0 0 0 0 0 
2020-04-11 11:55:36 [INFO] Received Telegram ->
2020-04-11 11:55:36 [INFO] 1 153 18 60 226 1 0 0 0 0 0 0 0 0 0 0 0 0 0 0 0 0 0 
2020-04-11 11:55:36 [INFO] Received Telegram ->
2020-04-11 11:55:36 [INFO] 1 154 18 60 226 1 1 0 0 0 0 0 0 0 0 0 0 0 0 0 0 0 0 
2020-04-11 11:55:44 [INFO] Received Telegram ->
2020-04-11 11:55:44 [INFO] 1 155 18 60 226 1 2 0 0 0 0 0 0 0 0 0 0 0 0 0 0 0 0 
2020-04-11 11:55:44 [INFO] Received Telegram ->
2020-04-11 11:55:44 [INFO] 1 156 18 60 226 1 3 0 0 0 0 0 0 0 0 0 0 0 0 0 0 0 0 
2020-04-11 11:55:44 [INFO] Received Telegram ->
2020-04-11 11:55:45 [INFO] 1 157 18 60 226 1 4 0 0 0 0 0 0 0 0 0 0 0 0 0 0 0 0 
2020-04-11 11:55:45 [INFO] Received Telegram ->
2020-04-11 11:55:45 [INFO] 1 158 18 60 226 1 5 0 0 0 0 0 0 0 0 0 0 0 0 0 0 0 0 
2020-04-11 11:55:45 [INFO] Received Telegram ->
2020-04-11 11:55:45 [INFO] 1 159 18 60 226 1 6 0 0 0 0 0 0 0 0 0 0 0 0 0 0 0 0 
2020-04-11 11:55:45 [INFO] Received Telegram ->
2020-04-11 11:55:45 [INFO] 1 160 18 60 226 1 7 0 0 0 0 0 0 0 0 0 0 0 0 0 0 0 0 
2020-04-11 11:55:45 [INFO] Received Telegram ->
2020-04-11 11:55:45 [INFO] 1 161 18 60 226 1 0 0 2 0 0 0 0 0 0 0 0 0 0 0 0 0 0 
2020-04-11 11:55:45 [INFO] Received Telegram ->
2020-04-11 11:55:45 [INFO] 1 162 18 60 226 1 1 0 0 0 0 0 0 0 0 0 0 0 0 0 0 0 0 
2020-04-11 11:55:53 [INFO] Received Telegram ->
2020-04-11 11:55:53 [INFO] 1 163 18 60 226 1 2 0 0 0 0 0 0 0 0 0 0 0 0 0 0 0 0 
2020-04-11 11:55:53 [INFO] Received Telegram ->
2020-04-11 11:55:53 [INFO] 1 164 18 60 226 1 3 0 0 0 0 0 0 0 0 0 0 0 0 0 0 0 0 
2020-04-11 11:55:53 [INFO] Received Telegram ->
2020-04-11 11:55:53 [INFO] 1 165 18 60 226 1 4 0 0 0 0 0 0 0 0 0 0 0 0 0 0 0 0 
2020-04-11 11:55:53 [INFO] Received Telegram ->
2020-04-11 11:55:53 [INFO] 1 166 18 60 226 1 5 0 0 0 0 0 0 0 0 0 0 0 0 0 0 0 0 
2020-04-11 11:55:53 [INFO] Received Telegram ->
2020-04-11 11:55:53 [INFO] 1 167 18 60 226 1 6 0 0 0 0 0 0 0 0 0 0 0 0 0 0 0 0 
2020-04-11 11:55:53 [INFO] Received Telegram ->
2020-04-11 11:55:53 [INFO] 1 168 18 60 226 1 7 0 0 0 0 0 0 0 0 0 0 0 0 0 0 0 0 
2020-04-11 11:55:53 [INFO] Received Telegram ->
2020-04-11 11:55:53 [INFO] 1 169 18 60 226 1 0 0 249 0 0 0 0 0 0 0 0 0 0 0 0 0 0 
2020-04-11 11:55:53 [INFO] Received Telegram ->
2020-04-11 11:55:53 [INFO] 1 170 18 60 226 1 1 0 0 0 0 0 0 0 0 0 0 0 0 0 0 0 0 
2020-04-11 11:56:00 [INFO] Received Telegram ->
2020-04-11 11:56:00 [INFO] 1 171 18 60 226 1 2 0 0 0 0 0 0 0 0 0 0 0 0 0 0 0 0 
2020-04-11 11:56:00 [INFO] Received Telegram ->
2020-04-11 11:56:00 [INFO] 1 172 18 60 226 1 3 0 0 0 0 0 0 0 0 0 0 0 0 0 0 0 0 
2020-04-11 11:56:00 [INFO] Received Telegram ->
2020-04-11 11:56:00 [INFO] 1 173 18 60 226 1 4 0 0 0 0 0 0 0 0 0 0 0 0 0 0 0 0 
2020-04-11 11:56:00 [INFO] Received Telegram ->
2020-04-11 11:56:00 [INFO] 1 174 18 60 226 1 5 0 0 0 0 0 0 0 0 0 0 0 0 0 0 0 0 
2020-04-11 11:56:00 [INFO] Received Telegram ->
2020-04-11 11:56:00 [INFO] 1 175 18 60 226 1 6 0 0 0 0 0 0 0 0 0 0 0 0 0 0 0 0 
2020-04-11 11:56:00 [INFO] Received Telegram ->
2020-04-11 11:56:00 [INFO] 1 176 18 60 226 1 7 0 0 0 0 0 0 0 0 0 0 0 0 0 0 0 0 
2020-04-11 11:56:00 [INFO] Received Telegram ->
2020-04-11 11:56:00 [INFO] 1 177 18 60 226 1 0 0 0 0 0 0 0 0 0 0 0 0 0 0 0 0 254 
2020-04-11 11:56:00 [INFO] Received Telegram ->
2020-04-11 11:56:00 [INFO] 1 178 18 60 226 1 1 0 0 0 0 0 0 0 0 0 0 0 0 0 0 0 0 
2020-04-11 11:56:08 [INFO] Received Telegram ->
2020-04-11 11:56:08 [INFO] 1 179 18 60 226 1 2 0 0 0 0 0 0 0 0 0 0 0 0 0 0 0 0 
2020-04-11 11:56:08 [INFO] Received Telegram ->
2020-04-11 11:56:08 [INFO] 1 180 18 60 226 1 3 0 0 0 0 0 0 0 0 0 0 0 0 0 0 0 0 
2020-04-11 11:56:08 [INFO] Received Telegram ->
2020-04-11 11:56:09 [INFO] 1 181 18 60 226 1 4 0 0 0 0 0 0 0 0 0 0 0 0 0 0 0 0 
2020-04-11 11:56:09 [INFO] Received Telegram ->
2020-04-11 11:56:09 [INFO] 1 182 18 60 226 1 5 0 0 0 0 0 0 0 0 0 0 0 0 0 0 0 0 
2020-04-11 11:56:09 [INFO] Received Telegram ->
2020-04-11 11:56:09 [INFO] 1 183 18 60 226 1 6 0 0 0 0 0 0 0 0 0 0 0 0 0 0 0 0 
2020-04-11 11:56:09 [INFO] Received Telegram ->
2020-04-11 11:56:09 [INFO] 1 184 18 60 226 1 7 0 255 0 0 0 0 0 0 0 0 0 0 0 0 0 0 
2020-04-11 11:56:09 [INFO] Received Telegram ->
2020-04-11 11:56:09 [INFO] 1 185 18 60 226 1 0 0 0 0 0 0 0 0 0 0 0 0 0 0 0 0 0 
2020-04-11 11:56:09 [INFO] Received Telegram ->
2020-04-11 11:56:09 [INFO] 1 186 18 60 226 1 1 0 0 0 0 0 0 0 0 0 0 0 0 0 0 0 0 
2020-04-11 11:56:16 [INFO] Received Telegram ->
2020-04-11 11:56:16 [INFO] 1 187 18 60 226 1 2 0 0 0 0 0 0 0 0 0 0 0 0 0 0 0 0 
2020-04-11 11:56:16 [INFO] Received Telegram ->
2020-04-11 11:56:16 [INFO] 1 188 18 60 226 1 3 0 0 0 0 0 0 0 0 0 0 0 0 0 0 0 0 
2020-04-11 11:56:16 [INFO] Received Telegram ->
2020-04-11 11:56:16 [INFO] 1 189 18 60 226 1 4 0 0 0 0 0 0 0 0 0 0 0 0 0 0 0 0 
2020-04-11 11:56:16 [INFO] Received Telegram ->
2020-04-11 11:56:16 [INFO] 1 190 18 60 226 1 5 0 0 0 0 0 0 0 0 0 0 0 0 0 0 0 0 
2020-04-11 11:56:16 [INFO] Received Telegram ->
2020-04-11 11:56:17 [INFO] 1 191 18 60 226 1 6 0 0 0 0 0 0 0 0 0 0 0 0 0 0 0 0 
2020-04-11 11:56:17 [INFO] Received Telegram ->
2020-04-11 11:56:17 [INFO] 1 192 18 60 226 1 7 0 255 0 0 0 0 0 0 0 0 0 0 0 0 0 0 
2020-04-11 11:56:17 [INFO] Received Telegram ->
2020-04-11 11:56:17 [INFO] 1 193 18 60 226 1 0 0 0 0 0 0 0 0 0 0 0 0 0 0 0 0 0 
2020-04-11 11:56:17 [INFO] Received Telegram ->
2020-04-11 11:56:17 [INFO] 1 194 18 60 226 1 1 0 0 0 0 0 0 0 0 0 0 0 0 0 0 0 0 
2020-04-11 11:56:24 [INFO] Received Telegram ->
2020-04-11 11:56:24 [INFO] 1 195 18 60 226 1 2 0 0 0 0 0 0 0 0 0 0 0 0 0 0 0 0 
2020-04-11 11:56:24 [INFO] Received Telegram ->
2020-04-11 11:56:24 [INFO] 1 196 18 60 226 1 3 0 0 0 0 0 0 0 0 0 0 0 0 0 0 0 0 
2020-04-11 11:56:24 [INFO] Received Telegram ->
2020-04-11 11:56:24 [INFO] 1 197 18 60 226 1 4 0 0 0 0 0 0 0 0 0 0 0 0 0 0 0 0 
2020-04-11 11:56:24 [INFO] Received Telegram ->
2020-04-11 11:56:25 [INFO] 1 198 18 60 226 1 5 0 0 0 0 0 0 0 0 0 0 0 0 0 0 0 0 
2020-04-11 11:56:25 [INFO] Received Telegram ->
2020-04-11 11:56:25 [INFO] 1 199 18 60 226 1 6 0 0 0 0 0 0 0 0 0 0 0 0 0 0 0 0 
2020-04-11 11:56:25 [INFO] Received Telegram ->
2020-04-11 11:56:25 [INFO] 1 200 18 60 226 1 7 0 255 0 0 0 0 0 0 0 0 0 0 0 0 0 0 
2020-04-11 11:56:25 [INFO] Received Telegram ->
2020-04-11 11:56:25 [INFO] 1 201 18 60 226 1 0 0 0 0 0 0 0 0 0 0 0 0 0 0 0 0 0 
2020-04-11 11:56:25 [INFO] Received Telegram ->
2020-04-11 11:56:25 [INFO] 1 202 18 60 226 1 1 0 0 0 0 0 0 0 0 0 0 0 0 0 0 0 0 
2020-04-11 11:56:32 [INFO] TemperatureServer is starting...
2020-04-11 11:56:32 [INFO] Server is waiting for a connection... 
2020-04-11 11:56:47 [SUCCESS] Client connected
2020-04-11 11:56:47 [INFO] Received Telegram ->
2020-04-11 11:56:47 [INFO] 1 203 18 60 226 1 2 0 0 0 0 0 0 0 0 0 0 0 0 0 0 0 0 
2020-04-11 11:56:47 [INFO] Received Telegram ->
2020-04-11 11:56:47 [INFO] 1 204 18 60 226 1 3 0 0 0 0 0 0 0 0 0 0 0 0 0 0 0 0 
2020-04-11 11:56:47 [INFO] Received Telegram ->
2020-04-11 11:56:47 [INFO] 1 205 18 60 226 1 4 0 0 0 0 0 0 0 0 0 0 0 0 0 0 0 0 
2020-04-11 11:56:47 [INFO] Received Telegram ->
2020-04-11 11:56:47 [INFO] 1 206 18 60 226 1 5 0 0 0 0 0 0 0 0 0 0 0 0 0 0 0 0 
2020-04-11 11:56:47 [INFO] Received Telegram ->
2020-04-11 11:56:47 [INFO] 1 207 18 60 226 1 6 0 0 0 0 0 0 0 0 0 0 0 0 0 0 0 0 
2020-04-11 11:56:47 [INFO] Received Telegram ->
2020-04-11 11:56:47 [INFO] 1 224 18 60 226 1 0 0 0 0 0 0 0 0 0 0 0 0 0 0 0 0 0 
2020-04-11 11:56:47 [INFO] Received Telegram ->
2020-04-11 11:56:47 [INFO] 1 224 18 60 226 1 1 0 0 0 0 0 0 0 0 0 0 0 0 0 0 0 0 
2020-04-11 11:56:47 [INFO] Received Telegram ->
2020-04-11 11:56:47 [INFO] 1 224 18 60 226 1 2 0 0 0 0 0 0 0 0 0 0 0 0 0 0 0 0 
2020-04-11 11:56:48 [INFO] Received Telegram ->
2020-04-11 11:56:48 [INFO] 1 225 18 60 226 1 3 0 0 0 0 0 0 0 0 0 0 0 0 0 0 0 0 
2020-04-11 11:56:48 [INFO] Received Telegram ->
2020-04-11 11:56:48 [INFO] 1 225 18 60 226 1 4 0 0 0 0 0 0 0 0 0 0 0 0 0 0 0 0 
2020-04-11 11:56:48 [INFO] Received Telegram ->
2020-04-11 11:56:48 [INFO] 1 225 18 60 226 1 5 0 0 0 0 0 0 0 0 0 0 0 0 0 0 0 0 
2020-04-11 11:56:48 [INFO] Received Telegram ->
2020-04-11 11:56:48 [INFO] 1 225 18 60 226 1 6 0 0 0 0 0 0 0 0 0 0 0 0 0 0 0 0 
2020-04-11 11:56:48 [INFO] Received Telegram ->
2020-04-11 11:56:48 [INFO] 1 225 18 60 226 1 7 0 0 0 0 0 0 0 0 0 0 0 0 0 0 0 0 
2020-04-11 11:56:48 [INFO] Received Telegram ->
2020-04-11 11:56:48 [INFO] 1 225 18 60 226 1 0 0 0 0 0 0 0 0 0 0 0 0 0 0 0 0 0 
2020-04-11 11:56:48 [INFO] Received Telegram ->
2020-04-11 11:56:48 [INFO] 1 225 18 60 226 1 1 0 0 0 0 0 0 0 0 0 0 0 0 0 0 0 0 
2020-04-11 11:56:48 [INFO] Received Telegram ->
2020-04-11 11:56:48 [INFO] 1 225 18 60 226 1 2 0 0 0 0 0 0 0 0 0 0 0 0 0 0 0 0 
2020-04-11 11:56:49 [INFO] Received Telegram ->
2020-04-11 11:56:49 [INFO] 1 226 18 60 226 1 3 0 0 0 0 0 0 0 0 0 0 0 0 0 0 0 0 
2020-04-11 11:56:49 [INFO] Received Telegram ->
2020-04-11 11:56:49 [INFO] 1 226 18 60 226 1 4 0 0 0 0 0 0 0 0 0 0 0 0 0 0 0 0 
2020-04-11 11:56:49 [INFO] Received Telegram ->
2020-04-11 11:56:49 [INFO] 1 226 18 60 226 1 5 0 0 0 0 0 0 0 0 0 0 0 0 0 0 0 0 
2020-04-11 11:56:49 [INFO] Received Telegram ->
2020-04-11 11:56:49 [INFO] 1 226 18 60 226 1 6 0 0 0 0 0 0 0 0 0 0 0 0 0 0 0 0 
2020-04-11 11:56:49 [INFO] Received Telegram ->
2020-04-11 11:56:49 [INFO] 1 226 18 60 226 1 7 0 0 0 0 0 0 0 0 0 0 0 0 0 0 0 0 
2020-04-11 11:56:49 [INFO] Received Telegram ->
2020-04-11 11:56:49 [INFO] 1 226 18 60 226 1 0 0 0 0 0 0 0 0 0 0 0 0 0 0 0 0 0 
2020-04-11 11:56:49 [INFO] Received Telegram ->
2020-04-11 11:56:49 [INFO] 1 226 18 60 226 1 1 0 0 0 0 0 0 0 0 0 0 0 0 0 0 0 0 
2020-04-11 11:56:49 [INFO] Received Telegram ->
2020-04-11 11:56:49 [INFO] 1 226 18 60 226 1 2 0 0 0 0 0 0 0 0 0 0 0 0 0 0 0 0 
2020-04-11 11:56:50 [INFO] Received Telegram ->
2020-04-11 11:56:50 [INFO] 1 227 18 60 226 1 3 0 0 0 0 0 0 0 0 0 0 0 0 0 0 0 0 
2020-04-11 11:56:50 [INFO] Received Telegram ->
2020-04-11 11:56:50 [INFO] 1 227 18 60 226 1 4 0 0 0 0 0 0 0 0 0 0 0 0 0 0 0 0 
2020-04-11 11:56:50 [INFO] Received Telegram ->
2020-04-11 11:56:50 [INFO] 1 227 18 60 226 1 5 0 0 0 0 0 0 0 0 0 0 0 0 0 0 0 0 
2020-04-11 11:56:50 [INFO] Received Telegram ->
2020-04-11 11:56:50 [INFO] 1 227 18 60 226 1 6 0 0 0 0 0 0 0 0 0 0 0 0 0 0 0 0 
2020-04-11 11:56:50 [INFO] Received Telegram ->
2020-04-11 11:56:50 [INFO] 1 227 18 60 226 1 7 0 0 0 0 0 0 0 0 0 0 0 0 0 0 0 0 
2020-04-11 11:56:50 [INFO] Received Telegram ->
2020-04-11 11:56:50 [INFO] 1 227 18 60 226 1 0 0 0 0 0 0 0 0 0 0 0 0 0 0 0 0 0 
2020-04-11 11:56:50 [INFO] Received Telegram ->
2020-04-11 11:56:50 [INFO] 1 227 18 60 226 1 1 0 0 0 0 0 0 0 0 0 0 0 0 0 0 0 0 
2020-04-11 11:56:50 [INFO] Received Telegram ->
2020-04-11 11:56:50 [INFO] 1 227 18 60 226 1 2 0 0 0 0 0 0 0 0 0 0 0 0 0 0 0 0 
2020-04-11 11:56:51 [INFO] Received Telegram ->
2020-04-11 11:56:51 [INFO] 1 228 18 60 226 1 3 0 0 0 0 0 0 0 0 0 0 0 0 0 0 0 0 
2020-04-11 11:56:51 [INFO] Received Telegram ->
2020-04-11 11:56:51 [INFO] 1 228 18 60 226 1 4 0 0 0 0 0 0 0 0 0 0 0 0 0 0 0 0 
2020-04-11 11:56:51 [INFO] Received Telegram ->
2020-04-11 11:56:51 [INFO] 1 228 18 60 226 1 5 0 0 0 0 0 0 0 0 0 0 0 0 0 0 0 0 
2020-04-11 11:56:51 [INFO] Received Telegram ->
2020-04-11 11:56:51 [INFO] 1 228 18 60 226 1 6 0 0 0 0 0 0 0 0 0 0 0 0 0 0 0 0 
2020-04-11 11:56:51 [INFO] Received Telegram ->
2020-04-11 11:56:51 [INFO] 1 228 18 60 226 1 7 0 0 0 0 0 0 0 0 0 0 0 0 0 0 0 0 
2020-04-11 11:56:51 [INFO] Received Telegram ->
2020-04-11 11:56:51 [INFO] 1 228 18 60 226 1 0 0 0 0 0 0 0 0 0 0 0 0 0 0 0 0 0 
2020-04-11 11:56:51 [INFO] Received Telegram ->
2020-04-11 11:56:51 [INFO] 1 228 18 60 226 1 1 0 0 0 0 0 0 0 0 0 0 0 0 0 0 0 0 
2020-04-11 11:56:51 [INFO] Received Telegram ->
2020-04-11 11:56:51 [INFO] 1 228 18 60 226 1 2 0 0 0 0 0 0 0 0 0 0 0 0 0 0 0 0 
2020-04-11 11:56:52 [INFO] Received Telegram ->
2020-04-11 11:56:52 [INFO] 1 229 18 60 226 1 3 0 0 0 0 0 0 0 0 0 0 0 0 0 0 0 0 
2020-04-11 11:56:52 [INFO] Received Telegram ->
2020-04-11 11:56:52 [INFO] 1 229 18 60 226 1 4 0 0 0 0 0 0 0 0 0 0 0 0 0 0 0 0 
2020-04-11 11:56:52 [INFO] Received Telegram ->
2020-04-11 11:56:52 [INFO] 1 229 18 60 226 1 5 0 0 0 0 0 0 0 0 0 0 0 0 0 0 0 0 
2020-04-11 11:56:52 [INFO] Received Telegram ->
2020-04-11 11:56:52 [INFO] 1 229 18 60 226 1 6 0 0 0 0 0 0 0 0 0 0 0 0 0 0 0 0 
2020-04-11 11:56:52 [INFO] Received Telegram ->
2020-04-11 11:56:52 [INFO] 1 229 18 60 226 1 7 0 0 0 0 0 0 0 0 0 0 0 0 0 0 0 0 
2020-04-11 11:56:52 [INFO] Received Telegram ->
2020-04-11 11:56:52 [INFO] 1 229 18 60 226 1 0 0 255 0 0 0 0 0 0 0 0 0 0 0 0 0 0 
2020-04-11 11:56:52 [INFO] Received Telegram ->
2020-04-11 11:56:52 [INFO] 1 229 18 60 226 1 1 0 0 0 0 0 0 0 0 0 0 0 0 0 0 0 0 
2020-04-11 11:56:52 [INFO] Received Telegram ->
2020-04-11 11:56:52 [INFO] 1 229 18 60 226 1 2 0 0 0 0 0 0 0 0 0 0 0 0 0 0 0 0 
2020-04-11 11:56:53 [INFO] Received Telegram ->
2020-04-11 11:56:53 [INFO] 1 230 18 60 226 1 3 0 0 0 0 0 0 0 0 0 0 0 0 0 0 0 0 
2020-04-11 11:56:53 [INFO] Received Telegram ->
2020-04-11 11:56:53 [INFO] 1 230 18 60 226 1 4 0 0 0 0 0 0 0 0 0 0 0 0 0 0 0 0 
2020-04-11 11:56:53 [INFO] Received Telegram ->
2020-04-11 11:56:53 [INFO] 1 230 18 60 226 1 5 0 0 0 0 0 0 0 0 0 0 0 0 0 0 0 0 
2020-04-11 11:56:53 [INFO] Received Telegram ->
2020-04-11 11:56:53 [INFO] 1 230 18 60 226 1 6 0 0 0 0 0 0 0 0 0 0 0 0 0 0 0 0 
2020-04-11 11:56:53 [INFO] Received Telegram ->
2020-04-11 11:56:53 [INFO] 1 230 18 60 226 1 7 0 0 0 0 0 0 0 0 0 0 0 0 0 0 0 0 
2020-04-11 11:56:53 [INFO] Received Telegram ->
2020-04-11 11:56:53 [INFO] 1 230 18 60 226 1 0 0 255 0 0 0 0 0 0 0 0 0 0 0 0 0 0 
2020-04-11 11:56:53 [INFO] Received Telegram ->
2020-04-11 11:56:53 [INFO] 1 230 18 60 226 1 1 0 0 0 0 0 0 0 0 0 0 0 0 0 0 0 0 
2020-04-11 11:56:53 [INFO] Received Telegram ->
2020-04-11 11:56:53 [INFO] 1 230 18 60 226 1 2 0 0 0 0 0 0 0 0 0 0 0 0 0 0 0 0 
2020-04-11 11:56:54 [INFO] Received Telegram ->
2020-04-11 11:56:54 [INFO] 1 231 18 60 226 1 3 0 0 0 0 0 0 0 0 0 0 0 0 0 0 0 0 
2020-04-11 11:56:54 [INFO] Received Telegram ->
2020-04-11 11:56:54 [INFO] 1 231 18 60 226 1 4 0 0 0 0 0 0 0 0 0 0 0 0 0 0 0 0 
2020-04-11 11:56:54 [INFO] Received Telegram ->
2020-04-11 11:56:54 [INFO] 1 231 18 60 226 1 5 0 0 0 0 0 0 0 0 0 0 0 0 0 0 0 0 
2020-04-11 11:56:54 [INFO] Received Telegram ->
2020-04-11 11:56:54 [INFO] 1 231 18 60 226 1 6 0 0 0 0 0 0 0 0 0 0 0 0 0 0 0 0 
2020-04-11 11:56:54 [INFO] Received Telegram ->
2020-04-11 11:56:54 [INFO] 1 231 18 60 226 1 7 0 0 0 0 0 0 0 0 0 0 0 0 0 0 0 0 
2020-04-11 11:56:54 [INFO] Received Telegram ->
2020-04-11 11:56:54 [INFO] 1 231 18 60 226 1 0 0 255 0 0 0 0 0 0 0 0 0 0 0 0 0 0 
2020-04-11 11:56:54 [INFO] Received Telegram ->
2020-04-11 11:56:54 [INFO] 1 231 18 60 226 1 1 0 0 0 0 0 0 0 0 0 0 0 0 0 0 0 0 
2020-04-11 11:56:54 [INFO] Received Telegram ->
2020-04-11 11:56:54 [INFO] 1 231 18 60 226 1 2 0 0 0 0 0 0 0 0 0 0 0 0 0 0 0 0 
2020-04-11 11:56:55 [INFO] Received Telegram ->
2020-04-11 11:56:55 [INFO] 1 232 18 60 226 1 3 0 0 0 0 0 0 0 0 0 0 0 0 0 0 0 0 
2020-04-11 11:56:55 [INFO] Received Telegram ->
2020-04-11 11:56:55 [INFO] 1 232 18 60 226 1 4 0 0 0 0 0 0 0 0 0 0 0 0 0 0 0 0 
2020-04-11 11:56:55 [INFO] Received Telegram ->
2020-04-11 11:56:55 [INFO] 1 232 18 60 226 1 5 0 0 0 0 0 0 0 0 0 0 0 0 0 0 0 0 
2020-04-11 11:56:55 [INFO] Received Telegram ->
2020-04-11 11:56:55 [INFO] 1 232 18 60 226 1 6 0 0 0 0 0 0 0 0 0 0 0 0 0 0 0 0 
2020-04-11 11:56:55 [INFO] Received Telegram ->
2020-04-11 11:56:55 [INFO] 1 232 18 60 226 1 7 0 0 0 0 0 0 0 0 0 0 0 0 0 0 0 0 
2020-04-11 11:56:55 [INFO] Received Telegram ->
2020-04-11 11:56:55 [INFO] 1 232 18 60 226 1 0 0 255 0 0 0 0 0 0 0 0 0 0 0 0 0 0 
2020-04-11 11:56:55 [INFO] Received Telegram ->
2020-04-11 11:56:55 [INFO] 1 232 18 60 226 1 1 0 0 0 0 0 0 0 0 0 0 0 0 0 0 0 0 
2020-04-11 11:56:55 [INFO] Received Telegram ->
2020-04-11 11:56:55 [INFO] 1 232 18 60 226 1 2 0 0 0 0 0 0 0 0 0 0 0 0 0 0 0 0 
2020-04-11 11:56:56 [INFO] Received Telegram ->
2020-04-11 11:56:56 [INFO] 1 233 18 60 226 1 3 0 0 0 0 0 0 0 0 0 0 0 0 0 0 0 0 
2020-04-11 11:56:56 [INFO] Received Telegram ->
2020-04-11 11:56:56 [INFO] 1 233 18 60 226 1 4 0 0 0 0 0 0 0 0 0 0 0 0 0 0 0 0 
2020-04-11 11:56:56 [INFO] Received Telegram ->
2020-04-11 11:56:56 [INFO] 1 233 18 60 226 1 5 0 0 0 0 0 0 0 0 0 0 0 0 0 0 0 0 
2020-04-11 11:56:56 [INFO] Received Telegram ->
2020-04-11 11:56:56 [INFO] 1 233 18 60 226 1 6 0 0 0 0 0 0 0 0 0 0 0 0 0 0 0 0 
2020-04-11 11:56:56 [INFO] Received Telegram ->
2020-04-11 11:56:56 [INFO] 1 233 18 60 226 1 7 0 0 0 0 0 0 0 0 0 0 0 0 0 0 0 0 
2020-04-11 11:56:56 [INFO] Received Telegram ->
2020-04-11 11:56:56 [INFO] 1 233 18 60 226 1 0 0 0 0 0 0 0 0 0 0 0 0 0 0 0 0 0 
2020-04-11 11:56:56 [INFO] Received Telegram ->
2020-04-11 11:56:56 [INFO] 1 233 18 60 226 1 1 0 0 0 0 0 0 0 0 0 0 0 0 0 0 0 0 
2020-04-11 11:56:56 [INFO] Received Telegram ->
2020-04-11 11:56:56 [INFO] 1 233 18 60 226 1 2 0 0 0 0 0 0 0 0 0 0 0 0 0 0 0 0 
2020-04-11 11:56:57 [INFO] Received Telegram ->
2020-04-11 11:56:57 [INFO] 1 234 18 60 226 1 3 0 0 0 0 0 0 0 0 0 0 0 0 0 0 0 0 
2020-04-11 11:56:57 [INFO] Received Telegram ->
2020-04-11 11:56:57 [INFO] 1 234 18 60 226 1 4 0 0 0 0 0 0 0 0 0 0 0 0 0 0 0 0 
2020-04-11 11:56:57 [INFO] Received Telegram ->
2020-04-11 11:56:57 [INFO] 1 234 18 60 226 1 5 0 0 0 0 0 0 0 0 0 0 0 0 0 0 0 0 
2020-04-11 11:56:57 [INFO] Received Telegram ->
2020-04-11 11:56:57 [INFO] 1 234 18 60 226 1 6 0 0 0 0 0 0 0 0 0 0 0 0 0 0 0 0 
2020-04-11 11:56:57 [INFO] Received Telegram ->
2020-04-11 11:56:57 [INFO] 1 234 18 60 226 1 7 0 0 0 0 0 0 0 0 0 0 0 0 0 0 0 0 
2020-04-11 11:56:57 [INFO] Received Telegram ->
2020-04-11 11:56:57 [INFO] 1 234 18 60 226 1 0 0 0 0 0 0 0 0 0 0 0 0 0 0 0 0 0 
2020-04-11 11:56:57 [INFO] Received Telegram ->
2020-04-11 11:56:57 [INFO] 1 234 18 60 226 1 1 0 0 0 0 0 0 0 0 0 0 0 0 0 0 0 0 
2020-04-11 11:56:57 [INFO] Received Telegram ->
2020-04-11 11:56:57 [INFO] 1 234 18 60 226 1 2 0 0 0 0 0 0 0 0 0 0 0 0 0 0 0 0 
2020-04-11 11:56:58 [INFO] Received Telegram ->
2020-04-11 11:56:58 [INFO] 1 235 18 60 226 1 3 0 0 0 0 0 0 0 0 0 0 0 0 0 0 0 0 
2020-04-11 11:56:58 [INFO] Received Telegram ->
2020-04-11 11:56:58 [INFO] 1 235 18 60 226 1 4 0 0 0 0 0 0 0 0 0 0 0 0 0 0 0 0 
2020-04-11 11:56:58 [INFO] Received Telegram ->
2020-04-11 11:56:58 [INFO] 1 235 18 60 226 1 5 0 0 0 0 0 0 0 0 0 0 0 0 0 0 0 0 
2020-04-11 11:56:58 [INFO] Received Telegram ->
2020-04-11 11:56:58 [INFO] 1 235 18 60 226 1 6 0 0 0 0 0 0 0 0 0 0 0 0 0 0 0 0 
2020-04-11 11:56:58 [INFO] Received Telegram ->
2020-04-11 11:56:58 [INFO] 1 235 18 60 226 1 7 0 0 0 0 0 0 0 0 0 0 0 0 0 0 0 0 
2020-04-11 11:56:58 [INFO] Received Telegram ->
2020-04-11 11:56:58 [INFO] 1 235 18 60 226 1 0 0 0 0 0 0 0 0 0 0 0 0 0 0 0 0 0 
2020-04-11 11:56:58 [INFO] Received Telegram ->
2020-04-11 11:56:58 [INFO] 1 235 18 60 226 1 1 0 0 0 0 0 0 0 0 0 0 0 0 0 0 0 0 
2020-04-11 11:56:58 [INFO] Received Telegram ->
2020-04-11 11:56:58 [INFO] 1 235 18 60 226 1 2 0 0 0 0 0 0 0 0 0 0 0 0 0 0 0 0 
2020-04-11 11:56:59 [INFO] Received Telegram ->
2020-04-11 11:56:59 [INFO] 1 236 18 60 226 1 3 0 0 0 0 0 0 0 0 0 0 0 0 0 0 0 0 
2020-04-11 11:56:59 [INFO] Received Telegram ->
2020-04-11 11:56:59 [INFO] 1 236 18 60 226 1 4 0 0 0 0 0 0 0 0 0 0 0 0 0 0 0 0 
2020-04-11 11:56:59 [INFO] Received Telegram ->
2020-04-11 11:56:59 [INFO] 1 236 18 60 226 1 5 0 0 0 0 0 0 0 0 0 0 0 0 0 0 0 0 
2020-04-11 11:56:59 [INFO] Received Telegram ->
2020-04-11 11:56:59 [INFO] 1 236 18 60 226 1 6 0 0 0 0 0 0 0 0 0 0 0 0 0 0 0 0 
2020-04-11 11:56:59 [INFO] Received Telegram ->
2020-04-11 11:56:59 [INFO] 1 236 18 60 226 1 7 0 0 0 0 0 0 0 0 0 0 0 0 0 0 0 0 
2020-04-11 11:56:59 [INFO] Received Telegram ->
2020-04-11 11:56:59 [INFO] 1 236 18 60 226 1 0 0 0 0 0 0 0 0 0 0 0 0 0 0 0 0 255 
2020-04-11 11:56:59 [INFO] Received Telegram ->
2020-04-11 11:56:59 [INFO] 1 236 18 60 226 1 1 0 0 0 0 0 0 0 0 0 0 0 0 0 0 0 0 
2020-04-11 11:56:59 [INFO] Received Telegram ->
2020-04-11 11:56:59 [INFO] 1 236 18 60 226 1 2 0 0 0 0 0 0 0 0 0 0 0 0 0 0 0 0 
2020-04-11 11:57:00 [INFO] Received Telegram ->
2020-04-11 11:57:00 [INFO] 1 237 18 60 226 1 3 0 0 0 0 0 0 0 0 0 0 0 0 0 0 0 0 
2020-04-11 11:57:00 [INFO] Received Telegram ->
2020-04-11 11:57:00 [INFO] 1 237 18 60 226 1 4 0 0 0 0 0 0 0 0 0 0 0 0 0 0 0 0 
2020-04-11 11:57:00 [INFO] Received Telegram ->
2020-04-11 11:57:00 [INFO] 1 237 18 60 226 1 5 0 0 0 0 0 0 0 0 0 0 0 0 0 0 0 0 
2020-04-11 11:57:00 [INFO] Received Telegram ->
2020-04-11 11:57:00 [INFO] 1 237 18 60 226 1 6 0 0 0 0 0 0 0 0 0 0 0 0 0 0 0 0 
2020-04-11 11:57:00 [INFO] Received Telegram ->
2020-04-11 11:57:00 [INFO] 1 237 18 60 226 1 7 0 0 0 0 0 0 0 0 0 0 0 0 0 0 0 0 
2020-04-11 11:57:00 [INFO] Received Telegram ->
2020-04-11 11:57:00 [INFO] 1 237 18 60 226 1 0 0 0 0 0 0 0 0 0 0 0 0 0 0 0 0 255 
2020-04-11 11:57:00 [INFO] Received Telegram ->
2020-04-11 11:57:00 [INFO] 1 237 18 60 226 1 1 0 0 0 0 0 0 0 0 0 0 0 0 0 0 0 0 
2020-04-11 11:57:00 [INFO] Received Telegram ->
2020-04-11 11:57:00 [INFO] 1 238 18 60 226 1 2 0 0 0 0 0 0 0 0 0 0 0 0 0 0 0 0 
2020-04-11 11:57:01 [INFO] Received Telegram ->
2020-04-11 11:57:01 [INFO] 1 238 18 60 226 1 3 0 0 0 0 0 0 0 0 0 0 0 0 0 0 0 0 
2020-04-11 11:57:01 [INFO] Received Telegram ->
2020-04-11 11:57:01 [INFO] 1 238 18 60 226 1 4 0 0 0 0 0 0 0 0 0 0 0 0 0 0 0 0 
2020-04-11 11:57:01 [INFO] Received Telegram ->
2020-04-11 11:57:01 [INFO] 1 238 18 60 226 1 5 0 0 0 0 0 0 0 0 0 0 0 0 0 0 0 0 
2020-04-11 11:57:01 [INFO] Received Telegram ->
2020-04-11 11:57:01 [INFO] 1 238 18 60 226 1 6 0 0 0 0 0 0 0 0 0 0 0 0 0 0 0 0 
2020-04-11 11:57:01 [INFO] Received Telegram ->
2020-04-11 11:57:01 [INFO] 1 238 18 60 226 1 7 0 0 0 0 0 0 0 0 0 0 0 0 0 0 0 0 
2020-04-11 11:57:01 [INFO] Received Telegram ->
2020-04-11 11:57:01 [INFO] 1 238 18 60 226 1 0 0 0 0 0 0 0 0 0 0 0 0 0 0 0 0 255 
2020-04-11 11:57:01 [INFO] Received Telegram ->
2020-04-11 11:57:01 [INFO] 1 238 18 60 226 1 1 0 0 0 0 0 0 0 0 0 0 0 0 0 0 0 0 
2020-04-11 11:57:01 [INFO] Received Telegram ->
2020-04-11 11:57:01 [INFO] 1 239 18 60 226 1 2 0 0 0 0 0 0 0 0 0 0 0 0 0 0 0 0 
2020-04-11 11:57:02 [INFO] Received Telegram ->
2020-04-11 11:57:02 [INFO] 1 239 18 60 226 1 3 0 0 0 0 0 0 0 0 0 0 0 0 0 0 0 0 
2020-04-11 11:57:02 [INFO] Received Telegram ->
2020-04-11 11:57:02 [INFO] 1 239 18 60 226 1 4 0 0 0 0 0 0 0 0 0 0 0 0 0 0 0 0 
2020-04-11 11:57:02 [INFO] Received Telegram ->
2020-04-11 11:57:02 [INFO] 1 239 18 60 226 1 5 0 0 0 0 0 0 0 0 0 0 0 0 0 0 0 0 
2020-04-11 11:57:02 [INFO] Received Telegram ->
2020-04-11 11:57:02 [INFO] 1 239 18 60 226 1 6 0 0 0 0 0 0 0 0 0 0 0 0 0 0 0 0 
2020-04-11 11:57:02 [INFO] Received Telegram ->
2020-04-11 11:57:02 [INFO] 1 239 18 60 226 1 7 0 0 0 0 0 0 0 0 0 0 0 0 0 0 0 0 
2020-04-11 11:57:02 [INFO] Received Telegram ->
2020-04-11 11:57:02 [INFO] 1 239 18 60 226 1 0 0 0 0 0 0 0 0 0 0 0 0 0 0 0 0 255 
2020-04-11 11:57:02 [INFO] Received Telegram ->
2020-04-11 11:57:02 [INFO] 1 239 18 60 226 1 1 0 0 0 0 0 0 0 0 0 0 0 0 0 0 0 0 
2020-04-11 11:57:02 [INFO] Received Telegram ->
2020-04-11 11:57:02 [INFO] 1 240 18 60 226 1 2 0 0 0 0 0 0 0 0 0 0 0 0 0 0 0 0 
2020-04-11 11:57:03 [INFO] Received Telegram ->
2020-04-11 11:57:03 [INFO] 1 240 18 60 226 1 3 0 0 0 0 0 0 0 0 0 0 0 0 0 0 0 0 
2020-04-11 11:57:03 [INFO] Received Telegram ->
2020-04-11 11:57:03 [INFO] 1 240 18 60 226 1 4 0 0 0 0 0 0 0 0 0 0 0 0 0 0 0 0 
2020-04-11 11:57:03 [INFO] Received Telegram ->
2020-04-11 11:57:03 [INFO] 1 240 18 60 226 1 5 0 0 0 0 0 0 0 0 0 0 0 0 0 0 0 0 
2020-04-11 11:57:03 [INFO] Received Telegram ->
2020-04-11 11:57:03 [INFO] 1 240 18 60 226 1 6 0 0 0 0 0 0 0 0 0 0 0 0 0 0 0 0 
2020-04-11 11:57:03 [INFO] Received Telegram ->
2020-04-11 11:57:03 [INFO] 1 240 18 60 226 1 7 0 0 0 0 0 0 0 0 0 0 0 0 0 0 0 0 
2020-04-11 11:57:03 [INFO] Received Telegram ->
2020-04-11 11:57:03 [INFO] 1 240 18 60 226 1 0 0 0 0 0 0 0 0 0 0 0 0 0 0 0 0 0 
2020-04-11 11:57:03 [INFO] Received Telegram ->
2020-04-11 11:57:03 [INFO] 1 240 18 60 226 1 1 0 0 0 0 0 0 0 0 0 0 0 0 0 0 0 0 
2020-04-11 11:57:03 [INFO] Received Telegram ->
2020-04-11 11:57:03 [INFO] 1 241 18 60 226 1 2 0 0 0 0 0 0 0 0 0 0 0 0 0 0 0 0 
2020-04-11 11:57:04 [INFO] Received Telegram ->
2020-04-11 11:57:04 [INFO] 1 241 18 60 226 1 3 0 0 0 0 0 0 0 0 0 0 0 0 0 0 0 0 
2020-04-11 11:57:04 [INFO] Received Telegram ->
2020-04-11 11:57:04 [INFO] 1 241 18 60 226 1 4 0 0 0 0 0 0 0 0 0 0 0 0 0 0 0 0 
2020-04-11 11:57:04 [INFO] Received Telegram ->
2020-04-11 11:57:04 [INFO] 1 241 18 60 226 1 5 0 0 0 0 0 0 0 0 0 0 0 0 0 0 0 0 
2020-04-11 11:57:04 [INFO] Received Telegram ->
2020-04-11 11:57:04 [INFO] 1 241 18 60 226 1 6 0 0 0 0 0 0 0 0 0 0 0 0 0 0 0 0 
2020-04-11 11:57:04 [INFO] Received Telegram ->
2020-04-11 11:57:04 [INFO] 1 241 18 60 226 1 7 0 255 0 0 0 0 0 0 0 0 0 0 0 0 0 0 
2020-04-11 11:57:04 [INFO] Received Telegram ->
2020-04-11 11:57:04 [INFO] 1 241 18 60 226 1 0 0 0 0 0 0 0 0 0 0 0 0 0 0 0 0 0 
2020-04-11 11:57:04 [INFO] Received Telegram ->
2020-04-11 11:57:04 [INFO] 1 241 18 60 226 1 1 0 0 0 0 0 0 0 0 0 0 0 0 0 0 0 0 
2020-04-11 11:57:04 [INFO] Received Telegram ->
2020-04-11 11:57:04 [INFO] 1 242 18 60 226 1 2 0 0 0 0 0 0 0 0 0 0 0 0 0 0 0 0 
2020-04-11 11:57:05 [INFO] Received Telegram ->
2020-04-11 11:57:05 [INFO] 1 242 18 60 226 1 3 0 0 0 0 0 0 0 0 0 0 0 0 0 0 0 0 
2020-04-11 11:57:05 [INFO] Received Telegram ->
2020-04-11 11:57:05 [INFO] 1 242 18 60 226 1 4 0 0 0 0 0 0 0 0 0 0 0 0 0 0 0 0 
2020-04-11 11:57:05 [INFO] Received Telegram ->
2020-04-11 11:57:05 [INFO] 1 242 18 60 226 1 5 0 0 0 0 0 0 0 0 0 0 0 0 0 0 0 0 
2020-04-11 11:57:05 [INFO] Received Telegram ->
2020-04-11 11:57:05 [INFO] 1 242 18 60 226 1 6 0 0 0 0 0 0 0 0 0 0 0 0 0 0 0 0 
2020-04-11 11:57:05 [INFO] Received Telegram ->
2020-04-11 11:57:05 [INFO] 1 242 18 60 226 1 7 0 255 0 0 0 0 0 0 0 0 0 0 0 0 0 0 
2020-04-11 11:57:05 [INFO] Received Telegram ->
2020-04-11 11:57:05 [INFO] 1 242 18 60 226 1 0 0 0 0 0 0 0 0 0 0 0 0 0 0 0 0 0 
2020-04-11 11:57:05 [INFO] Received Telegram ->
2020-04-11 11:57:05 [INFO] 1 242 18 60 226 1 1 0 0 0 0 0 0 0 0 0 0 0 0 0 0 0 0 
2020-04-11 11:57:05 [INFO] Received Telegram ->
2020-04-11 11:57:05 [INFO] 1 243 18 60 226 1 2 0 0 0 0 0 0 0 0 0 0 0 0 0 0 0 0 
2020-04-11 11:57:06 [INFO] Received Telegram ->
2020-04-11 11:57:06 [INFO] 1 243 18 60 226 1 3 0 0 0 0 0 0 0 0 0 0 0 0 0 0 0 0 
2020-04-11 11:57:06 [INFO] Received Telegram ->
2020-04-11 11:57:06 [INFO] 1 243 18 60 226 1 4 0 0 0 0 0 0 0 0 0 0 0 0 0 0 0 0 
2020-04-11 11:57:06 [INFO] Received Telegram ->
2020-04-11 11:57:06 [INFO] 1 243 18 60 226 1 5 0 0 0 0 0 0 0 0 0 0 0 0 0 0 0 0 
2020-04-11 11:57:06 [INFO] Received Telegram ->
2020-04-11 11:57:06 [INFO] 1 243 18 60 226 1 6 0 0 0 0 0 0 0 0 0 0 0 0 0 0 0 0 
2020-04-11 11:57:06 [INFO] Received Telegram ->
2020-04-11 11:57:06 [INFO] 1 243 18 60 226 1 7 0 255 0 0 0 0 0 0 0 0 0 0 0 0 0 0 
2020-04-11 11:57:06 [INFO] Received Telegram ->
2020-04-11 11:57:06 [INFO] 1 243 18 60 226 1 0 0 0 0 0 0 0 0 0 0 0 0 0 0 0 0 0 
2020-04-11 11:57:06 [INFO] Received Telegram ->
2020-04-11 11:57:06 [INFO] 1 243 18 60 226 1 1 0 0 0 0 0 0 0 0 0 0 0 0 0 0 0 0 
2020-04-11 11:57:06 [INFO] Received Telegram ->
2020-04-11 11:57:06 [INFO] 1 244 18 60 226 1 2 0 0 0 0 0 0 0 0 0 0 0 0 0 0 0 0 
2020-04-11 11:57:07 [INFO] Received Telegram ->
2020-04-11 11:57:07 [INFO] 1 244 18 60 226 1 3 0 0 0 0 0 0 0 0 0 0 0 0 0 0 0 0 
2020-04-11 11:57:07 [INFO] Received Telegram ->
2020-04-11 11:57:07 [INFO] 1 244 18 60 226 1 4 0 0 0 0 0 0 0 0 0 0 0 0 0 0 0 0 
2020-04-11 11:57:07 [INFO] Received Telegram ->
2020-04-11 11:57:07 [INFO] 1 244 18 60 226 1 5 0 0 0 0 0 0 0 0 0 0 0 0 0 0 0 0 
2020-04-11 11:57:07 [INFO] Received Telegram ->
2020-04-11 11:57:07 [INFO] 1 244 18 60 226 1 6 0 0 0 0 0 0 0 0 0 0 0 0 0 0 0 0 
2020-04-11 11:57:07 [INFO] Received Telegram ->
2020-04-11 11:57:07 [INFO] 1 244 18 60 226 1 7 0 255 0 0 0 0 0 0 0 0 0 0 0 0 0 0 
2020-04-11 11:57:07 [INFO] Received Telegram ->
2020-04-11 11:57:07 [INFO] 1 244 18 60 226 1 0 0 0 0 0 0 0 0 0 0 0 0 0 0 0 0 0 
2020-04-11 11:57:07 [INFO] Received Telegram ->
2020-04-11 11:57:07 [INFO] 1 244 18 60 226 1 1 0 0 0 0 0 0 0 0 0 0 0 0 0 0 0 0 
2020-04-11 11:57:07 [INFO] Received Telegram ->
2020-04-11 11:57:07 [INFO] 1 245 18 60 226 1 2 0 0 0 0 0 0 0 0 0 0 0 0 0 0 0 0 
2020-04-11 11:57:08 [INFO] Received Telegram ->
2020-04-11 11:57:08 [INFO] 1 245 18 60 226 1 3 0 0 0 0 0 0 0 0 0 0 0 0 0 0 0 0 
2020-04-11 11:57:08 [INFO] Received Telegram ->
2020-04-11 11:57:08 [INFO] 1 245 18 60 226 1 4 0 0 0 0 0 0 0 0 0 0 0 0 0 0 0 0 
2020-04-11 11:57:08 [INFO] Received Telegram ->
2020-04-11 11:57:08 [INFO] 1 245 18 60 226 1 5 0 0 0 0 0 0 0 0 0 0 0 0 0 0 0 0 
2020-04-11 11:57:08 [INFO] Received Telegram ->
2020-04-11 11:57:08 [INFO] 1 245 18 60 226 1 6 0 0 0 0 0 0 0 0 0 0 0 0 0 0 0 0 
2020-04-11 11:57:08 [INFO] Received Telegram ->
2020-04-11 11:57:08 [INFO] 1 245 18 60 226 1 7 0 255 0 0 0 0 0 0 0 0 0 0 0 0 0 0 
2020-04-11 11:57:08 [INFO] Received Telegram ->
2020-04-11 11:57:08 [INFO] 1 245 18 60 226 1 0 0 0 0 0 0 0 0 0 0 0 0 0 0 0 0 0 
2020-04-11 11:57:08 [INFO] Received Telegram ->
2020-04-11 11:57:08 [INFO] 1 245 18 60 226 1 1 0 0 0 0 0 0 0 0 0 0 0 0 0 0 0 0 
2020-04-11 11:57:08 [INFO] Received Telegram ->
2020-04-11 11:57:08 [INFO] 1 246 18 60 226 1 2 0 0 0 0 0 0 0 0 0 0 0 0 0 0 0 0 
2020-04-11 11:57:09 [INFO] Received Telegram ->
2020-04-11 11:57:09 [INFO] 1 246 18 60 226 1 3 0 0 0 0 0 0 0 0 0 0 0 0 0 0 0 0 
2020-04-11 11:57:09 [INFO] Received Telegram ->
2020-04-11 11:57:09 [INFO] 1 246 18 60 226 1 4 0 0 0 0 0 0 0 0 0 0 0 0 0 0 0 0 
2020-04-11 11:57:09 [INFO] Received Telegram ->
2020-04-11 11:57:09 [INFO] 1 246 18 60 226 1 5 0 0 0 0 0 0 0 0 0 0 0 0 0 0 0 0 
2020-04-11 11:57:09 [INFO] Received Telegram ->
2020-04-11 11:57:09 [INFO] 1 246 18 60 226 1 6 0 0 0 0 0 0 0 0 0 0 0 0 0 0 0 0 
2020-04-11 11:57:09 [INFO] Received Telegram ->
2020-04-11 11:57:09 [INFO] 1 246 18 60 226 1 7 0 255 0 0 0 0 0 0 0 0 0 0 0 0 0 0 
2020-04-11 11:57:09 [INFO] Received Telegram ->
2020-04-11 11:57:09 [INFO] 1 246 18 60 226 1 0 0 0 0 0 0 0 0 0 0 0 0 0 0 0 0 0 
2020-04-11 11:57:09 [INFO] Received Telegram ->
2020-04-11 11:57:09 [INFO] 1 246 18 60 226 1 1 0 0 0 0 0 0 0 0 0 0 0 0 0 0 0 0 
2020-04-11 11:57:09 [INFO] Received Telegram ->
2020-04-11 11:57:09 [INFO] 1 247 18 60 226 1 2 0 0 0 0 0 0 0 0 0 0 0 0 0 0 0 0 
2020-04-11 11:57:10 [INFO] Received Telegram ->
2020-04-11 11:57:10 [INFO] 1 247 18 60 226 1 3 0 0 0 0 0 0 0 0 0 0 0 0 0 0 0 0 
2020-04-11 11:57:10 [INFO] Received Telegram ->
2020-04-11 11:57:10 [INFO] 1 247 18 60 226 1 4 0 0 0 0 0 0 0 0 0 0 0 0 0 0 0 0 
2020-04-11 11:57:10 [INFO] Received Telegram ->
2020-04-11 11:57:10 [INFO] 1 247 18 60 226 1 5 0 0 0 0 0 0 0 0 0 0 0 0 0 0 0 0 
2020-04-11 11:57:10 [INFO] Received Telegram ->
2020-04-11 11:57:10 [INFO] 1 247 18 60 226 1 6 0 0 0 0 0 0 0 0 0 0 0 0 0 0 0 0 
2020-04-11 11:57:10 [INFO] Received Telegram ->
2020-04-11 11:57:10 [INFO] 1 247 18 60 226 1 7 0 0 0 0 0 0 0 0 0 0 0 0 0 0 0 0 
2020-04-11 11:57:10 [INFO] Received Telegram ->
2020-04-11 11:57:10 [INFO] 1 247 18 60 226 1 0 0 0 0 0 0 0 0 0 0 0 0 0 0 0 0 0 
2020-04-11 11:57:10 [INFO] Received Telegram ->
2020-04-11 11:57:10 [INFO] 1 247 18 60 226 1 1 0 0 0 0 0 0 0 0 0 0 0 0 0 0 0 0 
2020-04-11 11:57:10 [INFO] Received Telegram ->
2020-04-11 11:57:10 [INFO] 1 248 18 60 226 1 2 0 0 0 0 0 0 0 0 0 0 0 0 0 0 0 0 
2020-04-11 11:57:11 [INFO] Received Telegram ->
2020-04-11 11:57:11 [INFO] 1 248 18 60 226 1 3 0 0 0 0 0 0 0 0 0 0 0 0 0 0 0 0 
2020-04-11 11:57:11 [INFO] Received Telegram ->
2020-04-11 11:57:11 [INFO] 1 248 18 60 226 1 4 0 0 0 0 0 0 0 0 0 0 0 0 0 0 0 0 
2020-04-11 11:57:11 [INFO] Received Telegram ->
2020-04-11 11:57:11 [INFO] 1 248 18 60 226 1 5 0 0 0 0 0 0 0 0 0 0 0 0 0 0 0 0 
2020-04-11 11:57:11 [INFO] Received Telegram ->
2020-04-11 11:57:11 [INFO] 1 248 18 60 226 1 6 0 0 0 0 0 0 0 0 0 0 0 0 0 0 0 0 
2020-04-11 11:57:11 [INFO] Received Telegram ->
2020-04-11 11:57:11 [INFO] 1 248 18 60 226 1 7 0 0 0 0 0 0 0 0 0 0 0 0 0 0 0 0 
2020-04-11 11:57:11 [INFO] Received Telegram ->
2020-04-11 11:57:11 [INFO] 1 248 18 60 226 1 0 0 0 0 0 0 0 0 0 0 0 0 0 0 0 0 0 
2020-04-11 11:57:11 [INFO] Received Telegram ->
2020-04-11 11:57:11 [INFO] 1 248 18 60 226 1 1 0 0 0 0 0 0 0 0 0 0 0 0 0 0 0 0 
2020-04-11 11:57:11 [INFO] Received Telegram ->
2020-04-11 11:57:11 [INFO] 1 249 18 60 226 1 2 0 0 0 0 0 0 0 0 0 0 0 0 0 0 0 0 
2020-04-11 11:57:12 [INFO] Received Telegram ->
2020-04-11 11:57:12 [INFO] 1 249 18 60 226 1 3 0 0 0 0 0 0 0 0 0 0 0 0 0 0 0 0 
2020-04-11 11:57:12 [INFO] Received Telegram ->
2020-04-11 11:57:12 [INFO] 1 249 18 60 226 1 4 0 0 0 0 0 0 0 0 0 0 0 0 0 0 0 0 
2020-04-11 11:57:12 [INFO] Received Telegram ->
2020-04-11 11:57:12 [INFO] 1 249 18 60 226 1 5 0 0 0 0 0 0 0 0 0 0 0 0 0 0 0 0 
2020-04-11 11:57:12 [INFO] Received Telegram ->
2020-04-11 11:57:12 [INFO] 1 249 18 60 226 1 6 0 0 0 0 0 0 0 0 0 0 0 0 0 0 0 0 
2020-04-11 11:57:12 [INFO] Received Telegram ->
2020-04-11 11:57:12 [INFO] 1 249 18 60 226 1 7 0 0 0 0 0 0 0 0 0 0 0 0 0 0 0 255 
2020-04-11 11:57:12 [INFO] Received Telegram ->
2020-04-11 11:57:12 [INFO] 1 249 18 60 226 1 0 0 0 0 0 0 0 0 0 0 0 0 0 0 0 0 0 
2020-04-11 11:57:12 [INFO] Received Telegram ->
2020-04-11 11:57:12 [INFO] 1 249 18 60 226 1 1 0 0 0 0 0 0 0 0 0 0 0 0 0 0 0 0 
2020-04-11 11:57:12 [INFO] Received Telegram ->
2020-04-11 11:57:12 [INFO] 1 250 18 60 226 1 2 0 0 0 0 0 0 0 0 0 0 0 0 0 0 0 0 
2020-04-11 11:57:13 [INFO] Received Telegram ->
2020-04-11 11:57:13 [INFO] 1 250 18 60 226 1 3 0 0 0 0 0 0 0 0 0 0 0 0 0 0 0 0 
2020-04-11 11:57:13 [INFO] Received Telegram ->
2020-04-11 11:57:13 [INFO] 1 250 18 60 226 1 4 0 0 0 0 0 0 0 0 0 0 0 0 0 0 0 0 
2020-04-11 11:57:13 [INFO] Received Telegram ->
2020-04-11 11:57:13 [INFO] 1 250 18 60 226 1 5 0 0 0 0 0 0 0 0 0 0 0 0 0 0 0 0 
2020-04-11 11:57:13 [INFO] Received Telegram ->
2020-04-11 11:57:13 [INFO] 1 250 18 60 226 1 6 0 0 0 0 0 0 0 0 0 0 0 0 0 0 0 0 
2020-04-11 11:57:13 [INFO] Received Telegram ->
2020-04-11 11:57:13 [INFO] 1 250 18 60 226 1 7 0 0 0 0 0 0 0 0 0 0 0 0 0 0 0 255 
2020-04-11 11:57:13 [INFO] Received Telegram ->
2020-04-11 11:57:13 [INFO] 1 250 18 60 226 1 0 0 0 0 0 0 0 0 0 0 0 0 0 0 0 0 0 
2020-04-11 11:57:13 [INFO] Received Telegram ->
2020-04-11 11:57:13 [INFO] 1 250 18 60 226 1 1 0 0 0 0 0 0 0 0 0 0 0 0 0 0 0 0 
2020-04-11 11:57:13 [INFO] Received Telegram ->
2020-04-11 11:57:13 [INFO] 1 251 18 60 226 1 2 0 0 0 0 0 0 0 0 0 0 0 0 0 0 0 0 
2020-04-11 11:57:14 [INFO] Received Telegram ->
2020-04-11 11:57:14 [INFO] 1 251 18 60 226 1 3 0 0 0 0 0 0 0 0 0 0 0 0 0 0 0 0 
2020-04-11 11:57:14 [INFO] Received Telegram ->
2020-04-11 11:57:14 [INFO] 1 251 18 60 226 1 4 0 0 0 0 0 0 0 0 0 0 0 0 0 0 0 0 
2020-04-11 11:57:14 [INFO] Received Telegram ->
2020-04-11 11:57:14 [INFO] 1 251 18 60 226 1 5 0 0 0 0 0 0 0 0 0 0 0 0 0 0 0 0 
2020-04-11 11:57:14 [INFO] Received Telegram ->
2020-04-11 11:57:14 [INFO] 1 251 18 60 226 1 6 0 0 0 0 0 0 0 0 0 0 0 0 0 0 0 0 
2020-04-11 11:57:14 [INFO] Received Telegram ->
2020-04-11 11:57:14 [INFO] 1 251 18 60 226 1 7 0 0 0 0 0 0 0 0 0 0 0 0 0 0 0 255 
2020-04-11 11:57:14 [INFO] Received Telegram ->
2020-04-11 11:57:14 [INFO] 1 251 18 60 226 1 0 0 0 0 0 0 0 0 0 0 0 0 0 0 0 0 0 
2020-04-11 11:57:14 [INFO] Received Telegram ->
2020-04-11 11:57:14 [INFO] 1 251 18 60 226 1 1 0 0 0 0 0 0 0 0 0 0 0 0 0 0 0 0 
2020-04-11 11:57:14 [INFO] Received Telegram ->
2020-04-11 11:57:14 [INFO] 1 252 18 60 226 1 2 0 0 0 0 0 0 0 0 0 0 0 0 0 0 0 0 
2020-04-11 11:57:15 [INFO] Received Telegram ->
2020-04-11 11:57:15 [INFO] 1 252 18 60 226 1 3 0 0 0 0 0 0 0 0 0 0 0 0 0 0 0 0 
2020-04-11 11:57:15 [INFO] Received Telegram ->
2020-04-11 11:57:15 [INFO] 1 252 18 60 226 1 4 0 0 0 0 0 0 0 0 0 0 0 0 0 0 0 0 
2020-04-11 11:57:15 [INFO] Received Telegram ->
2020-04-11 11:57:15 [INFO] 1 252 18 60 226 1 5 0 0 0 0 0 0 0 0 0 0 0 0 0 0 0 0 
2020-04-11 11:57:15 [INFO] Received Telegram ->
2020-04-11 11:57:15 [INFO] 1 252 18 60 226 1 6 0 0 0 0 0 0 0 0 0 0 0 0 0 0 0 0 
2020-04-11 11:57:15 [INFO] Received Telegram ->
2020-04-11 11:57:15 [INFO] 1 252 18 60 226 1 7 0 0 0 0 0 0 0 0 0 0 0 0 0 0 0 255 
2020-04-11 11:57:15 [INFO] Received Telegram ->
2020-04-11 11:57:15 [INFO] 1 252 18 60 226 1 0 0 0 0 0 0 0 0 0 0 0 0 0 0 0 0 0 
2020-04-11 11:57:15 [INFO] Received Telegram ->
2020-04-11 11:57:15 [INFO] 1 252 18 60 226 1 1 0 0 0 0 0 0 0 0 0 0 0 0 0 0 0 0 
2020-04-11 11:57:15 [INFO] Received Telegram ->
2020-04-11 11:57:15 [INFO] 1 253 18 60 226 1 2 0 0 0 0 0 0 0 0 0 0 0 0 0 0 0 0 
2020-04-11 11:57:16 [INFO] Received Telegram ->
2020-04-11 11:57:16 [INFO] 1 253 18 60 226 1 3 0 0 0 0 0 0 0 0 0 0 0 0 0 0 0 0 
2020-04-11 11:57:16 [INFO] Received Telegram ->
2020-04-11 11:57:16 [INFO] 1 253 18 60 226 1 4 0 0 0 0 0 0 0 0 0 0 0 0 0 0 0 0 
2020-04-11 11:57:16 [INFO] Received Telegram ->
2020-04-11 11:57:16 [INFO] 1 253 18 60 226 1 5 0 0 0 0 0 0 0 0 0 0 0 0 0 0 0 0 
2020-04-11 11:57:16 [INFO] Received Telegram ->
2020-04-11 11:57:16 [INFO] 1 253 18 60 226 1 6 0 0 0 0 0 0 0 0 0 0 0 0 0 0 0 0 
2020-04-11 11:57:16 [INFO] Received Telegram ->
2020-04-11 11:57:16 [INFO] 1 253 18 60 226 1 7 0 0 0 0 0 0 0 0 0 0 0 0 0 0 0 0 
2020-04-11 11:57:16 [INFO] Received Telegram ->
2020-04-11 11:57:16 [INFO] 1 253 18 60 226 1 0 0 0 0 0 0 0 0 0 0 0 0 0 0 0 0 0 
2020-04-11 11:57:16 [INFO] Received Telegram ->
2020-04-11 11:57:16 [INFO] 1 253 18 60 226 1 1 0 0 0 0 0 0 0 0 0 0 0 0 0 0 0 0 
2020-04-11 11:57:16 [INFO] Received Telegram ->
2020-04-11 11:57:16 [INFO] 1 254 18 60 226 1 2 0 0 0 0 0 0 0 0 0 0 0 0 0 0 0 0 
2020-04-11 11:57:17 [INFO] Received Telegram ->
2020-04-11 11:57:17 [INFO] 1 254 18 60 226 1 3 0 0 0 0 0 0 0 0 0 0 0 0 0 0 0 0 
2020-04-11 11:57:17 [INFO] Received Telegram ->
2020-04-11 11:57:17 [INFO] 1 254 18 60 226 1 4 0 0 0 0 0 0 0 0 0 0 0 0 0 0 0 0 
2020-04-11 11:57:17 [INFO] Received Telegram ->
2020-04-11 11:57:17 [INFO] 1 254 18 60 226 1 5 0 0 0 0 0 0 0 0 0 0 0 0 0 0 0 0 
2020-04-11 11:57:17 [INFO] Received Telegram ->
2020-04-11 11:57:17 [INFO] 1 254 18 60 226 1 6 0 0 0 0 0 0 0 0 0 0 0 0 0 0 0 0 
2020-04-11 11:57:17 [INFO] Received Telegram ->
2020-04-11 11:57:17 [INFO] 1 254 18 60 226 1 7 0 0 0 0 0 0 0 0 0 0 0 0 0 0 0 0 
2020-04-11 11:57:17 [INFO] Received Telegram ->
2020-04-11 11:57:17 [INFO] 1 254 18 60 226 1 0 0 0 0 0 0 0 0 0 0 0 0 0 0 0 0 0 
2020-04-11 11:57:17 [INFO] Received Telegram ->
2020-04-11 11:57:17 [INFO] 1 255 18 60 226 1 1 0 0 0 0 0 0 0 0 0 0 0 0 0 0 0 0 
2020-04-11 11:57:17 [INFO] Received Telegram ->
2020-04-11 11:57:17 [INFO] 1 255 18 60 226 1 2 0 0 0 0 0 0 0 0 0 0 0 0 0 0 0 0 
2020-04-11 11:57:18 [INFO] Received Telegram ->
2020-04-11 11:57:18 [INFO] 1 255 18 60 226 1 3 0 0 0 0 0 0 0 0 0 0 0 0 0 0 0 0 
2020-04-11 11:57:18 [INFO] Received Telegram ->
2020-04-11 11:57:18 [INFO] 1 255 18 60 226 1 4 0 0 0 0 0 0 0 0 0 0 0 0 0 0 0 0 
2020-04-11 11:57:18 [INFO] Received Telegram ->
2020-04-11 11:57:18 [INFO] 1 255 18 60 226 1 5 0 0 0 0 0 0 0 0 0 0 0 0 0 0 0 0 
2020-04-11 11:57:18 [INFO] Received Telegram ->
2020-04-11 11:57:18 [INFO] 1 255 18 60 226 1 6 0 0 0 0 0 0 0 0 0 0 0 0 0 0 0 0 
2020-04-11 11:57:18 [INFO] Received Telegram ->
2020-04-11 11:57:18 [INFO] 1 255 18 60 226 1 7 0 0 0 0 0 0 0 0 0 0 0 0 0 0 0 0 
2020-04-11 11:57:18 [INFO] Received Telegram ->
2020-04-11 11:57:18 [INFO] 1 255 18 60 226 1 0 0 0 0 0 0 0 0 0 0 0 0 0 0 0 0 0 
2020-04-11 11:57:18 [INFO] Received Telegram ->
2020-04-11 11:57:18 [INFO] 1 0 19 60 226 1 1 0 0 0 255 0 0 0 0 0 0 0 0 0 0 0 0 
2020-04-11 11:57:18 [INFO] Received Telegram ->
2020-04-11 11:57:18 [INFO] 1 0 19 60 226 1 2 0 0 0 0 0 0 0 0 0 0 0 0 0 0 0 0 
2020-04-11 11:57:19 [INFO] Received Telegram ->
2020-04-11 11:57:19 [INFO] 1 0 19 60 226 1 3 0 0 0 0 0 0 0 0 0 0 0 0 0 0 0 0 
2020-04-11 11:57:19 [INFO] Received Telegram ->
2020-04-11 11:57:19 [INFO] 1 0 19 60 226 1 4 0 0 0 0 0 0 0 0 0 0 0 0 0 0 0 0 
2020-04-11 11:57:19 [INFO] Received Telegram ->
2020-04-11 11:57:19 [INFO] 1 0 19 60 226 1 5 0 0 0 0 0 0 0 0 0 0 0 0 0 0 0 0 
2020-04-11 11:57:19 [INFO] Received Telegram ->
2020-04-11 11:57:19 [INFO] 1 0 19 60 226 1 6 0 0 0 0 0 0 0 0 0 0 0 0 0 0 0 0 
2020-04-11 11:57:19 [INFO] Received Telegram ->
2020-04-11 11:57:19 [INFO] 1 0 19 60 226 1 7 0 0 0 0 0 0 0 0 0 0 0 0 0 0 0 0 
2020-04-11 11:57:19 [INFO] Received Telegram ->
2020-04-11 11:57:19 [INFO] 1 0 19 60 226 1 0 0 0 0 0 0 0 0 0 0 0 0 0 0 0 0 0 
2020-04-11 11:57:19 [INFO] Received Telegram ->
2020-04-11 11:57:19 [INFO] 1 1 19 60 226 1 1 0 0 0 255 0 0 0 0 0 0 0 0 0 0 0 0 
2020-04-11 11:57:19 [INFO] Received Telegram ->
2020-04-11 11:57:19 [INFO] 1 1 19 60 226 1 2 0 0 0 0 0 0 0 0 0 0 0 0 0 0 0 0 
2020-04-11 11:57:20 [INFO] Received Telegram ->
2020-04-11 11:57:20 [INFO] 1 1 19 60 226 1 3 0 0 0 0 0 0 0 0 0 0 0 0 0 0 0 0 
2020-04-11 11:57:20 [INFO] Received Telegram ->
2020-04-11 11:57:20 [INFO] 1 1 19 60 226 1 4 0 0 0 0 0 0 0 0 0 0 0 0 0 0 0 0 
2020-04-11 11:57:20 [INFO] Received Telegram ->
2020-04-11 11:57:20 [INFO] 1 1 19 60 226 1 5 0 0 0 0 0 0 0 0 0 0 0 0 0 0 0 0 
2020-04-11 11:57:20 [INFO] Received Telegram ->
2020-04-11 11:57:20 [INFO] 1 1 19 60 226 1 6 0 0 0 0 0 0 0 0 0 0 0 0 0 0 0 0 
2020-04-11 11:57:20 [INFO] Received Telegram ->
2020-04-11 11:57:20 [INFO] 1 1 19 60 226 1 7 0 0 0 0 0 0 0 0 0 0 0 0 0 0 0 0 
2020-04-11 11:57:20 [INFO] Received Telegram ->
2020-04-11 11:57:20 [INFO] 1 1 19 60 226 1 0 0 0 0 0 0 0 0 0 0 0 0 0 0 0 0 0 
2020-04-11 11:57:20 [INFO] Received Telegram ->
2020-04-11 11:57:20 [INFO] 1 2 19 60 226 1 1 0 0 0 255 0 0 0 0 0 0 0 0 0 0 0 0 
2020-04-11 11:57:20 [INFO] Received Telegram ->
2020-04-11 11:57:20 [INFO] 1 2 19 60 226 1 2 0 0 0 0 0 0 0 0 0 0 0 0 0 0 0 0 
2020-04-11 11:57:21 [INFO] Received Telegram ->
2020-04-11 11:57:21 [INFO] 1 2 19 60 226 1 3 0 0 0 0 0 0 0 0 0 0 0 0 0 0 0 0 
2020-04-11 11:57:21 [INFO] Received Telegram ->
2020-04-11 11:57:21 [INFO] 1 2 19 60 226 1 4 0 0 0 0 0 0 0 0 0 0 0 0 0 0 0 0 
2020-04-11 11:57:21 [INFO] Received Telegram ->
2020-04-11 11:57:21 [INFO] 1 2 19 60 226 1 5 0 0 0 0 0 0 0 0 0 0 0 0 0 0 0 0 
2020-04-11 11:57:21 [INFO] Received Telegram ->
2020-04-11 11:57:21 [INFO] 1 2 19 60 226 1 6 0 0 0 0 0 0 0 0 0 0 0 0 0 0 0 0 
2020-04-11 11:57:21 [INFO] Received Telegram ->
2020-04-11 11:57:21 [INFO] 1 2 19 60 226 1 7 0 0 0 0 0 0 0 0 0 0 0 0 0 0 0 0 
2020-04-11 11:57:21 [INFO] Received Telegram ->
2020-04-11 11:57:21 [INFO] 1 2 19 60 226 1 0 0 0 0 0 0 0 0 0 0 0 0 0 0 0 0 0 
2020-04-11 11:57:21 [INFO] Received Telegram ->
2020-04-11 11:57:21 [INFO] 1 3 19 60 226 1 1 0 0 0 0 0 0 0 0 0 0 0 0 0 0 0 0 
2020-04-11 11:57:21 [INFO] Received Telegram ->
2020-04-11 11:57:21 [INFO] 1 3 19 60 226 1 2 0 0 0 0 0 0 0 0 0 0 0 0 0 0 0 0 
2020-04-11 11:57:22 [INFO] Received Telegram ->
2020-04-11 11:57:22 [INFO] 1 3 19 60 226 1 3 0 0 0 0 0 0 0 0 0 0 0 0 0 0 0 0 
2020-04-11 11:57:22 [INFO] Received Telegram ->
2020-04-11 11:57:22 [INFO] 1 3 19 60 226 1 4 0 0 0 0 0 0 0 0 0 0 0 0 0 0 0 0 
2020-04-11 11:57:22 [INFO] Received Telegram ->
2020-04-11 11:57:22 [INFO] 1 3 19 60 226 1 5 0 0 0 0 0 0 0 0 0 0 0 0 0 0 0 0 
2020-04-11 11:57:22 [INFO] Received Telegram ->
2020-04-11 11:57:22 [INFO] 1 3 19 60 226 1 6 0 0 0 0 0 0 0 0 0 0 0 0 0 0 0 0 
2020-04-11 11:57:22 [INFO] Received Telegram ->
2020-04-11 11:57:22 [INFO] 1 3 19 60 226 1 7 0 0 0 0 0 0 0 0 0 0 0 0 0 0 0 0 
2020-04-11 11:57:22 [INFO] Received Telegram ->
2020-04-11 11:57:22 [INFO] 1 3 19 60 226 1 0 0 0 0 0 0 0 0 0 0 0 0 0 0 0 0 0 
2020-04-11 11:57:22 [INFO] Received Telegram ->
2020-04-11 11:57:22 [INFO] 1 4 19 60 226 1 1 0 0 0 0 0 0 0 0 0 0 0 0 0 0 0 0 
2020-04-11 11:57:22 [INFO] Received Telegram ->
2020-04-11 11:57:22 [INFO] 1 4 19 60 226 1 2 0 0 0 0 0 0 0 0 0 0 0 0 0 0 0 0 
2020-04-11 11:57:23 [INFO] Received Telegram ->
2020-04-11 11:57:23 [INFO] 1 4 19 60 226 1 3 0 0 0 0 0 0 0 0 0 0 0 0 0 0 0 0 
2020-04-11 11:57:23 [INFO] Received Telegram ->
2020-04-11 11:57:23 [INFO] 1 4 19 60 226 1 4 0 0 0 0 0 0 0 0 0 0 0 0 0 0 0 0 
2020-04-11 11:57:23 [INFO] Received Telegram ->
2020-04-11 11:57:23 [INFO] 1 4 19 60 226 1 5 0 0 0 0 0 0 0 0 0 0 0 0 0 0 0 0 
2020-04-11 11:57:23 [INFO] Received Telegram ->
2020-04-11 11:57:23 [INFO] 1 4 19 60 226 1 6 0 0 0 0 0 0 0 0 0 0 0 0 0 0 0 0 
2020-04-11 11:57:23 [INFO] Received Telegram ->
2020-04-11 11:57:23 [INFO] 1 4 19 60 226 1 7 0 0 0 0 0 0 0 0 0 0 0 0 0 0 0 0 
2020-04-11 11:57:23 [INFO] Received Telegram ->
2020-04-11 11:57:23 [INFO] 1 4 19 60 226 1 0 0 0 0 0 0 0 0 0 0 0 0 0 0 0 0 0 
2020-04-11 11:57:23 [INFO] Received Telegram ->
2020-04-11 11:57:23 [INFO] 1 5 19 60 226 1 1 0 0 0 0 0 0 0 0 0 0 0 0 0 255 0 0 
2020-04-11 11:57:23 [INFO] Received Telegram ->
2020-04-11 11:57:23 [INFO] 1 5 19 60 226 1 2 0 0 0 0 0 0 0 0 0 0 0 0 0 0 0 0 
2020-04-11 11:57:24 [INFO] Received Telegram ->
2020-04-11 11:57:24 [INFO] 1 5 19 60 226 1 3 0 0 0 0 0 0 0 0 0 0 0 0 0 0 0 0 
2020-04-11 11:57:24 [INFO] Received Telegram ->
2020-04-11 11:57:24 [INFO] 1 5 19 60 226 1 4 0 0 0 0 0 0 0 0 0 0 0 0 0 0 0 0 
2020-04-11 11:57:24 [INFO] Received Telegram ->
2020-04-11 11:57:24 [INFO] 1 5 19 60 226 1 5 0 0 0 0 0 0 0 0 0 0 0 0 0 0 0 0 
2020-04-11 11:57:24 [INFO] Received Telegram ->
2020-04-11 11:57:24 [INFO] 1 5 19 60 226 1 6 0 0 0 0 0 0 0 0 0 0 0 0 0 0 0 0 
2020-04-11 11:57:24 [INFO] Received Telegram ->
2020-04-11 11:57:24 [INFO] 1 5 19 60 226 1 7 0 0 0 0 0 0 0 0 0 0 0 0 0 0 0 0 
2020-04-11 11:57:24 [INFO] Received Telegram ->
2020-04-11 11:57:24 [INFO] 1 5 19 60 226 1 0 0 0 0 0 0 0 0 0 0 0 0 0 0 0 0 0 
2020-04-11 11:57:24 [INFO] Received Telegram ->
2020-04-11 11:57:24 [INFO] 1 6 19 60 226 1 1 0 0 0 0 0 0 0 0 0 0 0 0 0 255 0 0 
2020-04-11 11:57:24 [INFO] Received Telegram ->
2020-04-11 11:57:24 [INFO] 1 6 19 60 226 1 2 0 0 0 0 0 0 0 0 0 0 0 0 0 0 0 0 
2020-04-11 11:57:25 [INFO] Received Telegram ->
2020-04-11 11:57:25 [INFO] 1 6 19 60 226 1 3 0 0 0 0 0 0 0 0 0 0 0 0 0 0 0 0 
2020-04-11 11:57:25 [INFO] Received Telegram ->
2020-04-11 11:57:25 [INFO] 1 6 19 60 226 1 4 0 0 0 0 0 0 0 0 0 0 0 0 0 0 0 0 
2020-04-11 11:57:25 [INFO] Received Telegram ->
2020-04-11 11:57:25 [INFO] 1 6 19 60 226 1 5 0 0 0 0 0 0 0 0 0 0 0 0 0 0 0 0 
2020-04-11 11:57:25 [INFO] Received Telegram ->
2020-04-11 11:57:25 [INFO] 1 6 19 60 226 1 6 0 0 0 0 0 0 0 0 0 0 0 0 0 0 0 0 
2020-04-11 11:57:25 [INFO] Received Telegram ->
2020-04-11 11:57:25 [INFO] 1 6 19 60 226 1 7 0 0 0 0 0 0 0 0 0 0 0 0 0 0 0 0 
2020-04-11 11:57:25 [INFO] Received Telegram ->
2020-04-11 11:57:25 [INFO] 1 6 19 60 226 1 0 0 0 0 0 0 0 0 0 0 0 0 0 0 0 0 0 
2020-04-11 11:57:25 [INFO] Received Telegram ->
2020-04-11 11:57:25 [INFO] 1 7 19 60 226 1 1 0 0 0 0 0 0 0 0 0 0 0 0 0 255 0 0 
2020-04-11 11:57:25 [INFO] Received Telegram ->
2020-04-11 11:57:25 [INFO] 1 7 19 60 226 1 2 0 0 0 0 0 0 0 0 0 0 0 0 0 0 0 0 
2020-04-11 11:57:26 [INFO] Received Telegram ->
2020-04-11 11:57:26 [INFO] 1 7 19 60 226 1 3 0 0 0 0 0 0 0 0 0 0 0 0 0 0 0 0 
2020-04-11 11:57:26 [INFO] Received Telegram ->
2020-04-11 11:57:26 [INFO] 1 7 19 60 226 1 4 0 0 0 0 0 0 0 0 0 0 0 0 0 0 0 0 
2020-04-11 11:57:26 [INFO] Received Telegram ->
2020-04-11 11:57:26 [INFO] 1 7 19 60 226 1 5 0 0 0 0 0 0 0 0 0 0 0 0 0 0 0 0 
2020-04-11 11:57:26 [INFO] Received Telegram ->
2020-04-11 11:57:26 [INFO] 1 7 19 60 226 1 6 0 0 0 0 0 0 0 0 0 0 0 0 0 0 0 0 
2020-04-11 11:57:26 [INFO] Received Telegram ->
2020-04-11 11:57:26 [INFO] 1 7 19 60 226 1 7 0 0 0 0 0 0 0 0 0 0 0 0 0 0 0 0 
2020-04-11 11:57:26 [INFO] Received Telegram ->
2020-04-11 11:57:26 [INFO] 1 7 19 60 226 1 0 0 0 0 0 0 0 0 0 0 0 0 0 0 0 0 0 
2020-04-11 11:57:26 [INFO] Received Telegram ->
2020-04-11 11:57:26 [INFO] 1 8 19 60 226 1 1 0 0 0 0 0 0 0 0 0 0 0 0 0 255 0 0 
2020-04-11 11:57:26 [INFO] Received Telegram ->
2020-04-11 11:57:26 [INFO] 1 8 19 60 226 1 2 0 0 0 0 0 0 0 0 0 0 0 0 0 0 0 0 
2020-04-11 11:57:27 [INFO] Received Telegram ->
2020-04-11 11:57:27 [INFO] 1 8 19 60 226 1 3 0 0 0 0 0 0 0 0 0 0 0 0 0 0 0 0 
2020-04-11 11:57:27 [INFO] Received Telegram ->
2020-04-11 11:57:27 [INFO] 1 8 19 60 226 1 4 0 0 0 0 0 0 0 0 0 0 0 0 0 0 0 0 
2020-04-11 11:57:27 [INFO] Received Telegram ->
2020-04-11 11:57:27 [INFO] 1 8 19 60 226 1 5 0 0 0 0 0 0 0 0 0 0 0 0 0 0 0 0 
2020-04-11 11:57:27 [INFO] Received Telegram ->
2020-04-11 11:57:27 [INFO] 1 8 19 60 226 1 6 0 0 0 0 0 0 0 0 0 0 0 0 0 0 0 0 
2020-04-11 11:57:27 [INFO] Received Telegram ->
2020-04-11 11:57:27 [INFO] 1 8 19 60 226 1 7 0 0 0 0 0 0 0 0 0 0 0 0 0 0 0 0 
2020-04-11 11:57:27 [INFO] Received Telegram ->
2020-04-11 11:57:27 [INFO] 1 8 19 60 226 1 0 0 0 0 0 0 0 0 0 0 0 0 0 0 0 0 0 
2020-04-11 11:57:27 [INFO] Received Telegram ->
2020-04-11 11:57:27 [INFO] 1 9 19 60 226 1 1 0 0 0 0 0 0 0 0 0 0 0 0 0 0 0 0 
2020-04-11 11:57:27 [INFO] Received Telegram ->
2020-04-11 11:57:27 [INFO] 1 9 19 60 226 1 2 0 0 0 0 0 0 0 0 0 0 0 0 0 0 0 0 
2020-04-11 11:57:28 [INFO] Received Telegram ->
2020-04-11 11:57:28 [INFO] 1 9 19 60 226 1 3 0 0 0 0 0 0 0 0 0 0 0 0 0 0 0 0 
2020-04-11 11:57:28 [INFO] Received Telegram ->
2020-04-11 11:57:28 [INFO] 1 9 19 60 226 1 4 0 0 0 0 0 0 0 0 0 0 0 0 0 0 0 0 
2020-04-11 11:57:28 [INFO] Received Telegram ->
2020-04-11 11:57:28 [INFO] 1 9 19 60 226 1 5 0 0 0 0 0 0 0 0 0 0 0 0 0 0 0 0 
2020-04-11 11:57:28 [INFO] Received Telegram ->
2020-04-11 11:57:28 [INFO] 1 9 19 60 226 1 6 0 0 0 0 0 0 0 0 0 0 0 0 0 0 0 0 
2020-04-11 11:57:28 [INFO] Received Telegram ->
2020-04-11 11:57:28 [INFO] 1 9 19 60 226 1 7 0 0 0 0 0 0 0 0 0 0 0 0 0 0 0 0 
2020-04-11 11:57:28 [INFO] Received Telegram ->
2020-04-11 11:57:28 [INFO] 1 9 19 60 226 1 0 0 0 0 0 0 0 0 0 0 0 0 0 0 0 0 0 
2020-04-11 11:57:28 [INFO] Received Telegram ->
2020-04-11 11:57:28 [INFO] 1 10 19 60 226 1 1 0 0 0 0 0 0 0 0 0 0 0 0 0 0 0 0 
2020-04-11 11:57:28 [INFO] Received Telegram ->
2020-04-11 11:57:28 [INFO] 1 10 19 60 226 1 2 0 0 0 0 0 0 0 0 0 0 0 0 0 0 0 0 
2020-04-11 11:57:29 [INFO] Received Telegram ->
2020-04-11 11:57:29 [INFO] 1 10 19 60 226 1 3 0 0 0 0 0 0 0 0 0 0 0 0 0 0 0 0 
2020-04-11 11:57:29 [INFO] Received Telegram ->
2020-04-11 11:57:29 [INFO] 1 10 19 60 226 1 4 0 0 0 0 0 0 0 0 0 0 0 0 0 0 0 0 
2020-04-11 11:57:29 [INFO] Received Telegram ->
2020-04-11 11:57:29 [INFO] 1 10 19 60 226 1 5 0 0 0 0 0 0 0 0 0 0 0 0 0 0 0 0 
2020-04-11 11:57:29 [INFO] Received Telegram ->
2020-04-11 11:57:29 [INFO] 1 10 19 60 226 1 6 0 0 0 255 0 0 0 0 0 0 0 0 0 0 0 0 
2020-04-11 11:57:29 [INFO] Received Telegram ->
2020-04-11 11:57:29 [INFO] 1 10 19 60 226 1 7 0 0 0 0 0 0 0 0 0 0 0 0 0 0 0 0 
2020-04-11 11:57:29 [INFO] Received Telegram ->
2020-04-11 11:57:29 [INFO] 1 10 19 60 226 1 0 0 0 0 0 0 0 0 0 0 0 0 0 0 0 0 0 
2020-04-11 11:57:29 [INFO] Received Telegram ->
2020-04-11 11:57:29 [INFO] 1 11 19 60 226 1 1 0 0 0 0 0 0 0 0 0 0 0 0 0 0 0 0 
2020-04-11 11:57:29 [INFO] Received Telegram ->
2020-04-11 11:57:29 [INFO] 1 11 19 60 226 1 2 0 0 0 0 0 0 0 0 0 0 0 0 0 0 0 0 
2020-04-11 11:57:30 [INFO] Received Telegram ->
2020-04-11 11:57:30 [INFO] 1 11 19 60 226 1 3 0 0 0 0 0 0 0 0 0 0 0 0 0 0 0 0 
2020-04-11 11:57:30 [INFO] Received Telegram ->
2020-04-11 11:57:30 [INFO] 1 11 19 60 226 1 4 0 0 0 0 0 0 0 0 0 0 0 0 0 0 0 0 
2020-04-11 11:57:30 [INFO] Received Telegram ->
2020-04-11 11:57:30 [INFO] 1 11 19 60 226 1 5 0 0 0 0 0 0 0 0 0 0 0 0 0 0 0 0 
2020-04-11 11:57:30 [INFO] Received Telegram ->
2020-04-11 11:57:30 [INFO] 1 11 19 60 226 1 6 0 0 0 255 0 0 0 0 0 0 0 0 0 0 0 0 
2020-04-11 11:57:30 [INFO] Received Telegram ->
2020-04-11 11:57:30 [INFO] 1 11 19 60 226 1 7 0 0 0 0 0 0 0 0 0 0 0 0 0 0 0 0 
2020-04-11 11:57:30 [INFO] Received Telegram ->
2020-04-11 11:57:30 [INFO] 1 11 19 60 226 1 0 0 0 0 0 0 0 0 0 0 0 0 0 0 0 0 0 
2020-04-11 11:57:30 [INFO] Received Telegram ->
2020-04-11 11:57:30 [INFO] 1 12 19 60 226 1 1 0 0 0 0 0 0 0 0 0 0 0 0 0 0 0 0 
2020-04-11 11:57:30 [INFO] Received Telegram ->
2020-04-11 11:57:30 [INFO] 1 12 19 60 226 1 2 0 0 0 0 0 0 0 0 0 0 0 0 0 0 0 0 
2020-04-11 11:57:31 [INFO] Received Telegram ->
2020-04-11 11:57:31 [INFO] 1 12 19 60 226 1 3 0 0 0 0 0 0 0 0 0 0 0 0 0 0 0 0 
2020-04-11 11:57:31 [INFO] Received Telegram ->
2020-04-11 11:57:31 [INFO] 1 12 19 60 226 1 4 0 0 0 0 0 0 0 0 0 0 0 0 0 0 0 0 
2020-04-11 11:57:31 [INFO] Received Telegram ->
2020-04-11 11:57:31 [INFO] 1 12 19 60 226 1 5 0 0 0 0 0 0 0 0 0 0 0 0 0 0 0 0 
2020-04-11 11:57:31 [INFO] Received Telegram ->
2020-04-11 11:57:31 [INFO] 1 12 19 60 226 1 6 0 0 0 255 0 0 0 0 0 0 0 0 0 0 0 0 
2020-04-11 11:57:31 [INFO] Received Telegram ->
2020-04-11 11:57:31 [INFO] 1 12 19 60 226 1 7 0 0 0 0 0 0 0 0 0 0 0 0 0 0 0 0 
2020-04-11 11:57:31 [INFO] Received Telegram ->
2020-04-11 11:57:31 [INFO] 1 12 19 60 226 1 0 0 0 0 0 0 0 0 0 0 0 0 0 0 0 0 0 
2020-04-11 11:57:31 [INFO] Received Telegram ->
2020-04-11 11:57:31 [INFO] 1 13 19 60 226 1 1 0 0 0 0 0 0 0 0 0 0 0 0 0 0 0 0 
2020-04-11 11:57:31 [INFO] Received Telegram ->
2020-04-11 11:57:31 [INFO] 1 13 19 60 226 1 2 0 0 0 0 0 0 0 0 0 0 0 0 0 0 0 0 
2020-04-11 11:57:32 [INFO] Received Telegram ->
2020-04-11 11:57:32 [INFO] 1 13 19 60 226 1 3 0 0 0 0 0 0 0 0 0 0 0 0 0 0 0 0 
2020-04-11 11:57:32 [INFO] Received Telegram ->
2020-04-11 11:57:32 [INFO] 1 13 19 60 226 1 4 0 0 0 0 0 0 0 0 0 0 0 0 0 0 0 0 
2020-04-11 11:57:32 [INFO] Received Telegram ->
2020-04-11 11:57:32 [INFO] 1 13 19 60 226 1 5 0 0 0 0 0 0 0 0 0 0 0 0 0 0 0 0 
2020-04-11 11:57:32 [INFO] Received Telegram ->
2020-04-11 11:57:32 [INFO] 1 13 19 60 226 1 6 0 0 0 255 0 0 0 0 0 0 0 0 0 0 0 0 
2020-04-11 11:57:32 [INFO] Received Telegram ->
2020-04-11 11:57:32 [INFO] 1 13 19 60 226 1 7 0 0 0 0 0 0 0 0 0 0 0 0 0 0 0 0 
2020-04-11 11:57:32 [INFO] Received Telegram ->
2020-04-11 11:57:32 [INFO] 1 13 19 60 226 1 0 0 0 0 0 0 0 0 0 0 0 0 0 0 0 0 0 
2020-04-11 11:57:32 [INFO] Received Telegram ->
2020-04-11 11:57:32 [INFO] 1 14 19 60 226 1 1 0 0 0 0 0 0 0 0 0 0 0 0 0 0 0 0 
2020-04-11 11:57:32 [INFO] Received Telegram ->
2020-04-11 11:57:32 [INFO] 1 14 19 60 226 1 2 0 0 0 0 0 0 0 0 0 0 0 0 0 0 0 0 
2020-04-11 11:57:33 [INFO] Received Telegram ->
2020-04-11 11:57:33 [INFO] 1 14 19 60 226 1 3 0 0 0 0 0 0 0 0 0 0 0 0 0 0 0 0 
2020-04-11 11:57:33 [INFO] Received Telegram ->
2020-04-11 11:57:33 [INFO] 1 14 19 60 226 1 4 0 0 0 0 0 0 0 0 0 0 0 0 0 0 0 0 
2020-04-11 11:57:33 [INFO] Received Telegram ->
2020-04-11 11:57:33 [INFO] 1 14 19 60 226 1 5 0 0 0 0 0 0 0 0 0 0 0 0 0 0 0 0 
2020-04-11 11:57:33 [INFO] Received Telegram ->
2020-04-11 11:57:33 [INFO] 1 14 19 60 226 1 6 0 0 0 255 0 0 0 0 0 0 0 0 0 0 0 0 
2020-04-11 11:57:33 [INFO] Received Telegram ->
2020-04-11 11:57:33 [INFO] 1 14 19 60 226 1 7 0 0 0 0 0 0 0 0 0 0 0 0 0 0 0 0 
2020-04-11 11:57:33 [INFO] Received Telegram ->
2020-04-11 11:57:33 [INFO] 1 15 19 60 226 1 0 0 0 0 0 0 0 0 0 0 0 0 0 0 0 0 0 
2020-04-11 11:57:33 [INFO] Received Telegram ->
2020-04-11 11:57:33 [INFO] 1 15 19 60 226 1 1 0 0 0 0 0 0 0 0 0 0 0 0 0 0 0 0 
2020-04-11 11:57:33 [INFO] Received Telegram ->
2020-04-11 11:57:33 [INFO] 1 15 19 60 226 1 2 0 0 0 0 0 0 0 0 0 0 0 0 0 0 0 0 
2020-04-11 11:57:34 [INFO] Received Telegram ->
2020-04-11 11:57:34 [INFO] 1 15 19 60 226 1 3 0 0 0 0 0 0 0 0 0 0 0 0 0 0 0 0 
2020-04-11 11:57:34 [INFO] Received Telegram ->
2020-04-11 11:57:34 [INFO] 1 15 19 60 226 1 4 0 0 0 0 0 0 0 0 0 0 0 0 0 0 0 0 
2020-04-11 11:57:34 [INFO] Received Telegram ->
2020-04-11 11:57:34 [INFO] 1 15 19 60 226 1 5 0 0 0 0 0 0 0 0 0 0 0 0 0 0 0 0 
2020-04-11 11:57:34 [INFO] Received Telegram ->
2020-04-11 11:57:34 [INFO] 1 15 19 60 226 1 6 0 0 0 0 0 0 0 0 0 0 0 0 0 0 0 0 
2020-04-11 11:57:34 [INFO] Received Telegram ->
2020-04-11 11:57:34 [INFO] 1 15 19 60 226 1 7 0 0 0 0 0 0 0 0 0 0 0 0 0 0 0 0 
2020-04-11 11:57:34 [INFO] Received Telegram ->
2020-04-11 11:57:34 [INFO] 1 16 19 60 226 1 0 0 0 0 0 0 0 0 0 0 0 0 0 0 0 0 0 
2020-04-11 11:57:34 [INFO] Received Telegram ->
2020-04-11 11:57:34 [INFO] 1 16 19 60 226 1 1 0 0 0 0 0 0 0 0 0 0 0 0 0 0 0 0 
2020-04-11 11:57:34 [INFO] Received Telegram ->
2020-04-11 11:57:34 [INFO] 1 16 19 60 226 1 2 0 0 0 0 0 0 0 0 0 0 0 0 0 0 0 0 
2020-04-11 11:57:35 [INFO] Received Telegram ->
2020-04-11 11:57:35 [INFO] 1 16 19 60 226 1 3 0 0 0 0 0 0 0 0 0 0 0 0 0 0 0 0 
2020-04-11 11:57:35 [INFO] Received Telegram ->
2020-04-11 11:57:35 [INFO] 1 16 19 60 226 1 4 0 0 0 0 0 0 0 0 0 0 0 0 0 0 0 0 
2020-04-11 11:57:35 [INFO] Received Telegram ->
2020-04-11 11:57:35 [INFO] 1 16 19 60 226 1 5 0 0 0 0 0 0 0 0 0 0 0 0 0 0 0 0 
2020-04-11 11:57:35 [INFO] Received Telegram ->
2020-04-11 11:57:35 [INFO] 1 16 19 60 226 1 6 0 0 0 0 0 0 0 0 0 0 0 0 0 0 0 0 
2020-04-11 11:57:35 [INFO] Received Telegram ->
2020-04-11 11:57:35 [INFO] 1 16 19 60 226 1 7 0 0 0 0 0 0 0 0 0 0 0 0 0 0 0 0 
2020-04-11 11:57:35 [INFO] Received Telegram ->
2020-04-11 11:57:35 [INFO] 1 17 19 60 226 1 0 0 0 0 0 0 0 0 0 0 0 0 0 0 0 0 0 
2020-04-11 11:57:35 [INFO] Received Telegram ->
2020-04-11 11:57:35 [INFO] 1 17 19 60 226 1 1 0 0 0 0 0 0 0 0 0 0 0 0 0 0 0 0 
2020-04-11 11:57:35 [INFO] Received Telegram ->
2020-04-11 11:57:35 [INFO] 1 17 19 60 226 1 2 0 0 0 0 0 0 0 0 0 0 0 0 0 0 0 0 
2020-04-11 11:57:36 [INFO] Received Telegram ->
2020-04-11 11:57:36 [INFO] 1 17 19 60 226 1 3 0 0 0 0 0 0 0 0 0 0 0 0 0 0 0 0 
2020-04-11 11:57:36 [INFO] Received Telegram ->
2020-04-11 11:57:36 [INFO] 1 17 19 60 226 1 4 0 0 0 0 0 0 0 0 0 0 0 0 0 0 0 0 
2020-04-11 11:57:36 [INFO] Received Telegram ->
2020-04-11 11:57:36 [INFO] 1 17 19 60 226 1 5 0 0 0 0 0 0 0 0 0 0 0 0 0 0 0 0 
2020-04-11 11:57:36 [INFO] Received Telegram ->
2020-04-11 11:57:36 [INFO] 1 17 19 60 226 1 6 0 0 0 0 0 0 0 0 0 0 0 0 0 255 0 0 
2020-04-11 11:57:36 [INFO] Received Telegram ->
2020-04-11 11:57:36 [INFO] 1 17 19 60 226 1 7 0 0 0 0 0 0 0 0 0 0 0 0 0 0 0 0 
2020-04-11 11:57:36 [INFO] Received Telegram ->
2020-04-11 11:57:36 [INFO] 1 18 19 60 226 1 0 0 0 0 0 0 0 0 0 0 0 0 0 0 0 0 0 
2020-04-11 11:57:36 [INFO] Received Telegram ->
2020-04-11 11:57:36 [INFO] 1 18 19 60 226 1 1 0 0 0 0 0 0 0 0 0 0 0 0 0 0 0 0 
2020-04-11 11:57:36 [INFO] Received Telegram ->
2020-04-11 11:57:36 [INFO] 1 18 19 60 226 1 2 0 0 0 0 0 0 0 0 0 0 0 0 0 0 0 0 
2020-04-11 11:57:37 [INFO] Received Telegram ->
2020-04-11 11:57:37 [INFO] 1 18 19 60 226 1 3 0 0 0 0 0 0 0 0 0 0 0 0 0 0 0 0 
2020-04-11 11:57:37 [INFO] Received Telegram ->
2020-04-11 11:57:37 [INFO] 1 18 19 60 226 1 4 0 0 0 0 0 0 0 0 0 0 0 0 0 0 0 0 
2020-04-11 11:57:37 [INFO] Received Telegram ->
2020-04-11 11:57:37 [INFO] 1 18 19 60 226 1 5 0 0 0 0 0 0 0 0 0 0 0 0 0 0 0 0 
2020-04-11 11:57:37 [INFO] Received Telegram ->
2020-04-11 11:57:37 [INFO] 1 18 19 60 226 1 6 0 0 0 0 0 0 0 0 0 0 0 0 0 255 0 0 
2020-04-11 11:57:37 [INFO] Received Telegram ->
2020-04-11 11:57:37 [INFO] 1 18 19 60 226 1 7 0 0 0 0 0 0 0 0 0 0 0 0 0 0 0 0 
2020-04-11 11:57:37 [INFO] Received Telegram ->
2020-04-11 11:57:37 [INFO] 1 19 19 60 226 1 0 0 0 0 0 0 0 0 0 0 0 0 0 0 0 0 0 
2020-04-11 11:57:37 [INFO] Received Telegram ->
2020-04-11 11:57:37 [INFO] 1 19 19 60 226 1 1 0 0 0 0 0 0 0 0 0 0 0 0 0 0 0 0 
2020-04-11 11:57:37 [INFO] Received Telegram ->
2020-04-11 11:57:37 [INFO] 1 19 19 60 226 1 2 0 0 0 0 0 0 0 0 0 0 0 0 0 0 0 0 
2020-04-11 11:57:38 [INFO] Received Telegram ->
2020-04-11 11:57:38 [INFO] 1 19 19 60 226 1 3 0 0 0 0 0 0 0 0 0 0 0 0 0 0 0 0 
2020-04-11 11:57:38 [INFO] Received Telegram ->
2020-04-11 11:57:38 [INFO] 1 19 19 60 226 1 4 0 0 0 0 0 0 0 0 0 0 0 0 0 0 0 0 
2020-04-11 11:57:38 [INFO] Received Telegram ->
2020-04-11 11:57:38 [INFO] 1 19 19 60 226 1 5 0 0 0 0 0 0 0 0 0 0 0 0 0 0 0 0 
2020-04-11 11:57:38 [INFO] Received Telegram ->
2020-04-11 11:57:38 [INFO] 1 19 19 60 226 1 6 0 0 0 0 0 0 0 0 0 0 0 0 0 255 0 0 
2020-04-11 11:57:38 [INFO] Received Telegram ->
2020-04-11 11:57:38 [INFO] 1 19 19 60 226 1 7 0 0 0 0 0 0 0 0 0 0 0 0 0 0 0 0 
2020-04-11 11:57:38 [INFO] Received Telegram ->
2020-04-11 11:57:38 [INFO] 1 20 19 60 226 1 0 0 0 0 0 0 0 0 0 0 0 0 0 0 0 0 0 
2020-04-11 11:57:38 [INFO] Received Telegram ->
2020-04-11 11:57:38 [INFO] 1 20 19 60 226 1 1 0 0 0 0 0 0 0 0 0 0 0 0 0 0 0 0 
2020-04-11 11:57:38 [INFO] Received Telegram ->
2020-04-11 11:57:38 [INFO] 1 20 19 60 226 1 2 0 0 0 0 0 0 0 0 0 0 0 0 0 0 0 0 
2020-04-11 11:57:39 [INFO] Received Telegram ->
2020-04-11 11:57:39 [INFO] 1 20 19 60 226 1 3 0 0 0 0 0 0 0 0 0 0 0 0 0 0 0 0 
2020-04-11 11:57:39 [INFO] Received Telegram ->
2020-04-11 11:57:39 [INFO] 1 20 19 60 226 1 4 0 0 0 0 0 0 0 0 0 0 0 0 0 0 0 0 
2020-04-11 11:57:39 [INFO] Received Telegram ->
2020-04-11 11:57:39 [INFO] 1 20 19 60 226 1 5 0 0 0 0 0 0 0 0 0 0 0 0 0 0 0 0 
2020-04-11 11:57:39 [INFO] Received Telegram ->
2020-04-11 11:57:39 [INFO] 1 20 19 60 226 1 6 0 0 0 0 0 0 0 0 0 0 0 0 0 255 0 0 
2020-04-11 11:57:39 [INFO] Received Telegram ->
2020-04-11 11:57:39 [INFO] 1 20 19 60 226 1 7 0 0 0 0 0 0 0 0 0 0 0 0 0 0 0 0 
2020-04-11 11:57:39 [INFO] Received Telegram ->
2020-04-11 11:57:39 [INFO] 1 21 19 60 226 1 0 0 0 0 0 0 0 0 0 0 0 0 0 0 0 0 0 
2020-04-11 11:57:39 [INFO] Received Telegram ->
2020-04-11 11:57:39 [INFO] 1 21 19 60 226 1 1 0 0 0 0 0 0 0 0 0 0 0 0 0 0 0 0 
2020-04-11 11:57:39 [INFO] Received Telegram ->
2020-04-11 11:57:39 [INFO] 1 21 19 60 226 1 2 0 0 0 0 0 0 0 0 0 0 0 0 0 0 0 0 
2020-04-11 11:57:40 [INFO] Received Telegram ->
2020-04-11 11:57:40 [INFO] 1 21 19 60 226 1 3 0 0 0 0 0 0 0 0 0 0 0 0 0 0 0 0 
2020-04-11 11:57:40 [INFO] Received Telegram ->
2020-04-11 11:57:40 [INFO] 1 21 19 60 226 1 4 0 0 0 0 0 0 0 0 0 0 0 0 0 0 0 0 
2020-04-11 11:57:40 [INFO] Received Telegram ->
2020-04-11 11:57:40 [INFO] 1 21 19 60 226 1 5 0 0 0 0 0 0 0 0 0 0 0 0 0 0 0 0 
2020-04-11 11:57:40 [INFO] Received Telegram ->
2020-04-11 11:57:40 [INFO] 1 21 19 60 226 1 6 0 0 0 0 0 0 0 0 0 0 0 0 0 255 0 0 
2020-04-11 11:57:40 [INFO] Received Telegram ->
2020-04-11 11:57:40 [INFO] 1 21 19 60 226 1 7 0 0 0 0 0 0 0 0 0 0 0 0 0 0 0 0 
2020-04-11 11:57:40 [INFO] Received Telegram ->
2020-04-11 11:57:40 [INFO] 1 22 19 60 226 1 0 0 0 0 0 0 0 0 0 0 0 0 0 0 0 0 0 
2020-04-11 11:57:40 [INFO] Received Telegram ->
2020-04-11 11:57:40 [INFO] 1 22 19 60 226 1 1 0 0 0 0 0 0 0 0 0 0 0 0 0 0 0 0 
2020-04-11 11:57:40 [INFO] Received Telegram ->
2020-04-11 11:57:40 [INFO] 1 22 19 60 226 1 2 0 0 0 0 0 0 0 0 0 0 0 0 0 0 0 0 
2020-04-11 11:57:41 [INFO] Received Telegram ->
2020-04-11 11:57:41 [INFO] 1 22 19 60 226 1 3 0 0 0 0 0 0 0 0 0 0 0 0 0 0 0 0 
2020-04-11 11:57:41 [INFO] Received Telegram ->
2020-04-11 11:57:41 [INFO] 1 22 19 60 226 1 4 0 0 0 0 0 0 0 0 0 0 0 0 0 0 0 0 
2020-04-11 11:57:41 [INFO] Received Telegram ->
2020-04-11 11:57:41 [INFO] 1 22 19 60 226 1 5 0 0 0 0 0 0 0 0 0 0 0 0 0 0 0 0 
2020-04-11 11:57:41 [INFO] Received Telegram ->
2020-04-11 11:57:41 [INFO] 1 22 19 60 226 1 6 0 0 0 0 0 0 0 0 0 0 0 0 0 0 0 0 
2020-04-11 11:57:41 [INFO] Received Telegram ->
2020-04-11 11:57:41 [INFO] 1 22 19 60 226 1 7 0 0 0 0 0 0 0 0 0 0 0 0 0 0 0 0 
2020-04-11 11:57:41 [INFO] Received Telegram ->
2020-04-11 11:57:41 [INFO] 1 23 19 60 226 1 0 0 0 0 0 0 0 0 0 0 0 0 0 0 0 0 0 
2020-04-11 11:57:41 [INFO] Received Telegram ->
2020-04-11 11:57:41 [INFO] 1 23 19 60 226 1 1 0 0 0 0 0 0 0 0 0 0 0 0 0 0 0 0 
2020-04-11 11:57:41 [INFO] Received Telegram ->
2020-04-11 11:57:41 [INFO] 1 23 19 60 226 1 2 0 0 0 0 0 0 0 0 0 0 0 0 0 0 0 0 
2020-04-11 11:57:42 [INFO] Received Telegram ->
2020-04-11 11:57:42 [INFO] 1 23 19 60 226 1 3 0 0 0 0 0 0 0 0 0 0 0 0 0 0 0 0 
2020-04-11 11:57:42 [INFO] Received Telegram ->
2020-04-11 11:57:42 [INFO] 1 23 19 60 226 1 4 0 0 0 0 0 0 0 0 0 0 0 0 0 0 0 0 
2020-04-11 11:57:42 [INFO] Received Telegram ->
2020-04-11 11:57:42 [INFO] 1 23 19 60 226 1 5 0 0 0 0 0 0 0 0 0 0 0 0 0 0 0 0 
2020-04-11 11:57:42 [INFO] Received Telegram ->
2020-04-11 11:57:42 [INFO] 1 23 19 60 226 1 6 0 0 0 0 0 0 0 0 0 0 0 0 0 0 0 0 
2020-04-11 11:57:42 [INFO] Received Telegram ->
2020-04-11 11:57:42 [INFO] 1 23 19 60 226 1 7 0 0 0 0 0 0 0 0 0 0 0 0 0 0 0 0 
2020-04-11 11:57:42 [INFO] Received Telegram ->
2020-04-11 11:57:42 [INFO] 1 24 19 60 226 1 0 0 0 0 0 0 0 0 0 0 0 0 0 0 0 0 0 
2020-04-11 11:57:42 [INFO] Received Telegram ->
2020-04-11 11:57:42 [INFO] 1 24 19 60 226 1 1 0 0 0 0 0 0 0 0 0 0 0 0 0 0 0 0 
2020-04-11 11:57:42 [INFO] Received Telegram ->
2020-04-11 11:57:42 [INFO] 1 24 19 60 226 1 2 0 0 0 0 0 0 0 0 0 0 0 0 0 0 0 0 
2020-04-11 11:57:43 [WARNING] TemperatureServer is stopped
2020-04-11 11:57:43 [INFO] Saving measured temperatures
2020-04-11 11:57:43 [INFO] Saving has been completed
